595530
200581
353996
886335
936273
148358
680239
983874
343146
558154
676049
291304
900027
245505
404828
267657
394277
272726
598606
439656
196460
856988
647466
860069
906961
215836
972858
111270
512416
276464
996788
283016
734540
497338
773302
887548
726187
656433
989808
604494
420926
575573
714147
171852
388014
873225
844093
913542
764200
681758
844889
248023
526705
121184
824413
850285
443275
251444
717156
582567
509296
335234
584203
257193
358901
119659
612940
747212
516641
434096
349531
600012
403211
581755
946826
265366
543011
347454
526331
178001
601819
399678
716873
485065
474355
117930
961756
761348
214412
584822
461281
458241
384035
253067
502345
436099
878427
938563
471596
390156
613692
630881
947311
354122
427225
926863
341561
509521
959398
386315
568550
975911
427590
982314
107340
375643
868549
216103
913497
320948
485003
555257
489769
521646
795584
844143
651097
547663
489315
146257
227868
753547
334325
567084
801722
439986
780292
677764
243170
456617
747230
824006
267347
395345
811115
297925
655727
415646
792379
465096
319199
748543
910888
365623
741521
201949
624377
265913
169301
632277
547647
405276
169784
386434
183679
562802
749007
929889
200544
371546
524130
413846
545230
706942
164600
946424
248415
746712
937556
587194
364942
375523
740594
971522
815224
280596
407059
391771
231838
358929
824853
221357
157804
686329
212113
726184
616887
140997
460486
446915
440497
568332
627993
362375
947800
968100
503714
141909
318920
383058
123130
433867
237083
611720
178279
856282
401959
365514
232224
226163
310344
600019
321913
678156
432876
214825
967384
754662
273569
279946
171941
154556
126567
195116
131317
934568
664811
405374
695636
211010
449908
237907
590898
432157
791445
613780
774858
481992
501674
108423
960614
160768
655286
210719
972485
239427
118288
739619
133624
841238
890331
812805
368788
219253
845342
338770
574331
414255
298122
532923
749203
490242
660538
825173
936487
725663
673301
276999
748878
447085
576961
488247
421952
538806
805124
461038
586713
455330
586811
523944
724412
857765
148488
349519
590691
347291
616009
650745
756883
790100
250011
416506
105402
831200
842307
554786
952600
944407
827824
929941
603835
721233
646990
633346
786339
662250
740411
811538
515848
656423
608488
589989
117818
866168
998113
383043
472363
150510
120006
166298
143750
707611
336286
568634
867539
396665
903547
998667
368621
486512
886791
464357
426271
117245
545635
843455
118800
588691
345175
738368
948416
440305
460755
389600
516546
549590
476096
465701
917882
638769
545119
489145
450266
760763
304908
904752
899486
954253
868414
157444
837861
680160
979242
818461
837441
358016
693838
393293
376862
202655
785317
547964
604993
642365
688508
669913
710442
484222
540660
374870
690249
729396
801123
638635
940748
559718
961218
299425
421172
615075
816155
291598
723689
622677
668937
597226
320314
702079
303716
245161
926030
870091
843603
689560
328379
378056
949776
453171
969081
328034
960499
202155
665655
761473
710249
403382
863270
640370
958340
786594
334259
387697
326177
631054
539116
589786
344211
159000
764991
498770
190708
905160
835333
641643
998787
806143
458997
842161
785081
338272
951500
571421
164742
559308
509055
173069
725367
960742
813971
518185
382985
283836
167317
531725
719287
355291
100582
786119
159557
391245
256014
261596
692799
273703
781963
944625
701733
556923
854823
823806
667081
186963
279482
252281
298769
600878
463912
488227
564427
131729
294745
644276
885469
343822
942172
127043
610394
355957
758247
905107
341934
834819
377607
671659
216651
387527
145167
687597
206222
688159
855588
593307
315233
192894
289575
431799
984756
571483
200975
931885
897408
297050
249600
427889
448425
828711
830362
775593
732766
707160
174755
615387
667798
864270
878376
345444
905937
958278
725501
492349
681353
363385
188674
258745
183441
953698
236152
368073
855029
792307
443676
688308
749256
731090
364958
876411
260071
663038
115798
971114
303037
369837
196946
983782
913241
215181
732937
760841
724979
267699
897784
252692
918340
990035
430777
788054
458600
269093
258825
507670
852334
545631
198001
702423
715372
981551
630412
216212
572947
387795
960832
212675
211707
204952
761515
193624
637145
795176
263650
915323
709243
216679
779732
270019
154688
485253
251385
538493
336381
575252
534816
599151
549523
544622
319283
387878
446802
649323
536115
901142
558637
893453
907198
437206
265138
704726
638860
780681
655035
851712
117393
890710
957992
383639
678401
467640
251621
116633
587680
361900
648718
648236
441589
783299
467847
818596
647604
451046
995486
393804
835203
985561
377411
708026
514103
687477
897538
808184
911940
670266
468768
975113
525234
552998
868469
318442
903484
737570
311129
407429
757877
988247
163888
626997
704030
361204
875437
883544
154686
770764
618168
737184
750667
440392
840473
413164
579976
422550
730431
641567
893188
568914
611798
741219
813400
442018
544598
900840
515815
860715
156060
197251
253124
938365
300945
214416
258609
325643
903392
733151
374030
281518
277358
151553
972382
555153
417178
761177
354962
607793
513337
378754
959897
390487
706098
515888
584054
999250
642016
460044
681409
690025
739789
718994
850826
984432
714183
507918
438709
657950
526952
352011
734976
123338
158118
515396
659964
192589
115303
598925
526570
809378
853359
851086
334867
594428
947882
444400
386195
251949
180421
712858
129605
810933
153786
793573
383151
846733
686843
250134
302413
466662
589829
473814
893501
834191
486767
600424
465929
333920
333016
567784
660453
998627
374330
222563
936274
382247
995329
808300
133169
837236
897888
149179
929049
382659
797366
157084
328583
592973
627654
749344
230189
504585
985825
721749
185021
585852
390427
950357
699779
183688
236879
512621
512639
127353
604798
957414
250131
960293
730573
105482
982577
358805
734172
750857
634335
846770
624778
676331
127077
383116
720063
569705
844646
504798
290667
113440
384552
640150
265285
871845
928893
158516
819678
552249
883213
547496
316455
455655
248666
239039
501111
113345
536716
300381
745195
213805
765987
220800
565686
366587
521990
911070
662015
205839
950812
117675
281923
453607
501575
453613
976135
258566
555855
830803
550467
111888
733351
961166
902363
723279
395584
348186
344230
129210
318193
690761
262665
875408
651323
746861
179412
147195
332048
975770
125719
701183
529306
879746
855448
720330
553951
771949
635409
889455
282111
946329
608893
194367
212430
316012
394007
735516
524982
406522
633351
129638
978574
218109
940270
964235
933850
921381
652165
213514
579158
170514
561136
341171
125462
641556
377700
826164
797193
469477
851968
135099
763220
432543
788618
225555
527357
251079
422862
701577
646241
733517
580769
450071
228584
297989
681460
396157
745509
971304
984286
246213
977366
212738
989050
433199
449283
935217
107735
515151
443145
837328
191219
913127
719478
197897
231639
926275
584472
917272
342149
964434
911618
962719
274196
302295
889335
242262
462394
887633
670291
474930
478373
335419
125938
711913
349670
355265
521591
571258
498833
378698
202692
574496
410202
575644
104006
510217
553330
772860
960904
889152
888438
297249
329334
119369
173253
894146
350990
462769
758123
391969
259031
315785
272452
188621
969952
998439
124273
568724
585294
189313
519235
585506
956514
632011
614182
887614
472809
502839
224243
413606
696207
170317
977676
198403
605618
778822
654918
420231
254984
438673
487605
702723
314402
237263
662612
981449
878483
469289
644817
400305
856608
948388
141516
524664
179861
982395
186047
233992
694632
169508
679053
942464
993125
127259
548551
676629
102302
499741
413989
925596
850080
411135
763273
289646
450624
290695
310470
413144
485837
572310
282677
238075
771006
631942
294746
664998
680048
760912
486070
382545
788561
927743
948141
644744
533861
557516
703784
170389
601730
756039
396470
182250
892625
591851
917729
840036
331818
727983
251797
103763
842910
167526
500504
705219
498151
606026
984480
336842
624081
219026
844935
923776
277209
755334
759492
298093
915157
847622
489645
484807
387813
533216
454140
122605
131565
651841
783023
651148
883714
477903
285277
812070
647178
234487
679227
754995
670526
213363
919008
914478
294704
100294
290054
144301
170607
944403
751360
372250
378582
327188
978270
358374
110881
266195
300825
608298
762592
750500
535174
216933
784152
587772
259976
332892
851517
283214
317349
995142
874316
499418
845334
552059
785836
659144
291110
573805
278154
631885
534967
332087
393862
861494
626523
320105
928628
577587
342791
726614
183711
197402
631473
969728
101247
259688
378599
654997
167264
515572
499361
590854
959157
996682
427458
906217
486777
516945
868818
246793
527550
150553
380211
304642
661158
803610
483466
842441
321754
492265
476626
231140
296289
988452
479733
652551
636857
596055
475131
274026
614516
688604
623253
976466
683888
971291
977300
128414
601876
982977
848375
376800
365522
903341
987861
536464
699091
868974
505507
476010
636683
485162
628043
222111
802709
286568
423593
371650
967224
293399
549095
535293
724972
133476
583877
360013
986423
803809
729291
138878
408571
650786
180670
617182
655034
705378
752913
763719
698993
909077
791418
664734
329678
378486
348265
788376
617694
504574
788248
482567
798619
868785
757686
766797
651070
978733
970663
406174
583874
411542
378957
133126
793088
102084
871768
762922
121264
346883
893747
722347
988996
974548
454101
162014
592480
250881
988231
108050
724697
555367
997497
662707
161137
195269
956850
433099
997440
970224
222191
458879
573402
190485
181852
124166
679015
426963
419521
830046
724658
176943
504741
248387
336631
447599
151061
195139
223772
759187
228864
483846
797468
340579
845399
117852
914572
786231
813366
882780
383297
972285
199564
918445
646428
413239
420698
883731
153047
919626
316925
367318
487661
725980
987544
878244
650056
182389
322356
702600
624035
711831
860354
783936
156225
270211
600464
940208
163280
191047
822197
163312
429191
848247
886635
187331
780138
294716
167471
321193
698586
263909
150167
798502
761576
575029
233226
283619
114662
199104
208543
104700
790787
862609
827820
616181
506982
909258
587775
654508
606951
575445
374880
342388
163284
941835
237082
578661
525245
350526
655788
684552
846628
203353
439698
280721
270577
127744
576686
906022
681490
137841
624862
435354
767641
916891
354680
741194
224354
914198
570032
873942
777388
753601
582682
160817
112647
260502
464903
701384
283998
316805
675408
830372
543817
465203
836414
892913
373570
658831
636940
493592
994667
330603
749663
623481
466262
898053
425666
650975
381544
382492
461815
322221
335871
840094
151628
324528
327298
420114
941220
532194
259036
252294
867959
273404
338352
972402
142163
503222
984470
317276
433245
179932
221031
250048
467921
153477
585216
441885
869469
521063
816448
215510
165008
893965
429336
713175
224928
864414
806912
303169
830291
822740
590645
312101
381642
301548
368727
921035
426219
226335
906758
517737
956521
348405
311498
726444
861431
206111
153431
814798
458656
867439
248125
121422
354401
632104
837462
875229
527750
837338
671351
599282
598332
975661
865795
475104
998755
161997
628499
171597
350279
230134
365922
962084
541992
486760
126348
626892
989374
997323
885839
855517
589476
799009
594569
118796
464795
833669
276445
816629
977373
717364
130624
466502
966978
715201
699541
738258
674075
133840
762298
860318
337462
258799
841841
286318
223251
440630
644985
518920
130072
389359
489640
153083
272001
138213
795037
777424
383159
826816
209620
420338
732549
315981
293426
615575
819816
506649
532644
879466
128183
218532
962215
193745
516322
620815
199376
668003
573437
571475
746498
462478
592190
503241
526753
140332
232788
615542
138631
710381
944086
996241
951517
176152
377547
958424
841640
488679
909492
951695
846733
395947
950830
273239
205098
999698
617447
769951
285088
119426
477648
331387
881776
393998
170352
364443
655819
211657
700633
227256
159702
611194
452948
234686
287530
701166
235663
774304
786635
263603
750634
514433
132834
900427
933913
210732
754691
650348
629190
165363
741819
269052
597637
831675
312494
572231
707526
824298
531342
254022
906158
609718
812729
299710
174649
664086
390378
964273
681861
198757
181294
794954
879783
861639
627539
330474
366973
673584
402568
372781
762287
291486
145892
959712
455525
168062
926528
487399
595234
895869
867143
114670
721296
925834
119625
630712
562060
489651
644184
156590
113712
825292
213941
473770
268545
539112
613042
851725
163824
961453
721797
606699
913498
734636
635689
407224
970200
336129
986030
118168
960756
894881
592530
254366
265068
270462
782599
843154
380235
343738
525265
237394
344170
391135
246903
187861
388894
360215
302415
316684
143756
294872
681612
616209
767304
350722
864890
944504
622783
449068
516121
309015
118314
923012
106456
387656
281900
295932
923859
838293
588193
463703
488207
469285
667692
816609
369193
875370
884210
836120
138544
241944
457826
708145
420397
502657
550517
333518
138361
245162
686012
246271
457852
917139
494748
157050
640889
724040
180079
224821
638863
544931
291382
853215
522296
834550
698232
868644
131029
501819
313280
155048
701504
185172
922034
953871
232068
780807
677795
121369
786523
837775
595480
614117
571886
479898
819595
295617
454211
123579
910398
410304
900566
318762
641112
440309
894351
186909
549161
195980
627295
227393
681809
543584
924820
940763
480649
269987
123569
223963
371327
124954
192157
720330
203602
279491
934237
405772
735643
284385
356445
632223
511412
124232
326519
281905
277048
267919
352701
201460
525565
120906
959535
994367
373182
952747
338162
483844
371448
424132
933947
396727
247411
349541
774144
516705
428154
126073
361134
447735
434280
354441
630382
667284
814203
342540
303436
324069
701634
844622
747794
656596
166788
715303
675856
132657
752859
705778
405281
286295
788831
233501
279145
563985
975008
287163
865938
403809
843669
132949
516139
425321
386606
924393
543056
279372
721664
451724
334154
601891
258828
813009
772174
105829
945350
493041
268388
520868
545672
765690
375864
129787
981539
869960
422119
984805
431423
970585
263896
998391
121711
373628
195731
307700
948355
142329
159667
804021
126995
261272
336596
384561
973423
719429
798706
575060
243973
271245
633159
841367
796566
367450
849147
932247
420372
245642
168351
983043
174591
803325
935843
858917
807893
245437
346045
203335
654308
119260
387579
961552
863544
854522
476722
980495
347465
602370
350789
377986
683000
248323
424442
394352
566270
823113
958668
416419
297547
302549
244832
243382
168675
929677
535815
429088
637655
131661
690040
548576
922446
494923
226415
851076
387088
108200
829340
704524
528483
553959
395664
172618
803887
280243
203406
475459
361859
529548
987860
843044
710521
410894
320195
894630
115988
294187
825513
729958
719310
541784
811216
878577
439193
700794
137838
291313
321376
679254
636517
601519
643595
353803
283686
976695
114651
599898
463639
248502
748691
976530
318270
235841
322150
402583
366838
286919
793882
109603
799373
764523
473051
450848
254919
103818
791511
308377
232466
156491
849194
606930
656607
622876
843316
124106
963696
681428
592371
415927
804499
245080
935239
494310
819589
127154
393759
177675
477574
302222
257952
608029
494962
674834
279442
652015
648722
957664
428646
625163
837329
788790
689575
647175
830212
105526
442492
206973
846412
505935
353918
994725
316144
478497
461648
692926
517740
695848
175394
208515
550897
458515
655629
209485
313950
388693
557293
696356
504553
167084
363045
820126
550108
285056
904969
273946
478330
382599
782304
445183
469776
613881
597909
802562
529819
841290
712926
691906
135904
111792
681176
233451
618075
128985
121854
822968
795423
380892
728226
942412
740833
757605
301417
564112
250117
794038
362735
414418
815672
733881
730574
190232
523679
194552
209610
840642
166411
186119
280066
855482
141233
273193
828336
590295
762792
693900
522707
361731
901330
235973
657609
195142
165490
692161
480383
596749
361601
647036
710239
887174
677137
543395
733162
579964
299965
510217
562380
518603
944807
777498
728442
442801
570761
934781
787494
702937
466141
850655
601387
935061
973666
271890
118680
154391
878064
352168
554672
581060
653257
230124
346836
737336
188899
184468
106856
385034
538298
964399
615549
251357
587330
520171
861932
483861
596261
922842
465774
601533
987841
525363
547733
242953
808446
219669
669790
823633
494781
987013
238381
660919
546910
188952
829221
289418
630669
713310
993129
723649
545892
397753
373986
821893
969185
975490
598935
328538
388966
142522
573176
280744
124211
246646
151410
339328
913240
236761
431174
249452
928805
210989
960502
820569
550729
488905
355240
535801
536778
345312
771709
449613
168434
261518
162481
854585
432631
568516
797974
424070
436523
134249
851448
484670
533212
508563
776957
753489
119572
506231
683425
510967
949860
453966
183394
464729
588537
302059
280801
485659
957162
292809
679606
860667
878634
861149
452979
130870
706188
147935
362000
159005
395163
707642
508890
170491
262440
966413
375129
116327
840251
417395
185592
771444
379164
418886
298913
717803
114407
228811
810136
554134
205823
300361
884930
943855
402349
616646
733441
877623
220523
378555
524044
570645
745108
389713
674320
308920
517247
604735
808157
982861
811964
973008
551000
783017
578720
330630
111353
859534
394378
524020
993419
383501
378686
330630
626728
186857
206607
605987
992581
145715
457359
414415
323563
575645
548764
467498
145187
538974
701966
955896
439756
774717
786653
681289
919857
482370
877601
120950
947026
325387
648215
683731
244244
228852
710472
759585
314494
579320
868519
709050
998715
544440
264442
461871
680589
556687
691626
504613
432062
216127
906977
622780
939518
401509
871187
903234
372105
407926
420802
565500
360172
990404
260790
661449
108037
229675
808368
496535
647302
454893
249674
426972
381282
537757
173517
414812
656610
885797
672908
841642
462768
903684
203571
803025
952440
972836
983707
616653
922701
576602
347953
391221
366005
369857
244553
838171
880422
548459
226784
558697
280535
338240
568812
227780
207449
328448
777696
572361
773906
579714
318901
532920
413054
239574
834521
387682
313132
516341
712739
828152
782481
110424
806783
510898
792776
401611
130063
917405
302191
297148
123307
831652
814897
493342
246800
879754
401245
624200
438327
997822
520621
260203
548571
123515
438663
599946
957265
714489
234021
262422
266301
307526
341048
942610
213266
225375
570533
870924
821135
551298
336283
956317
479623
503998
738255
454249
944885
326780
884707
855219
441914
836226
933877
988478
393278
415992
256523
251883
199408
793606
623113
647280
412087
145744
928031
333014
298014
905914
931069
196864
563299
399793
947440
425297
707786
571572
853181
525242
281870
587008
189012
575915
508788
220737
405544
520786
637903
280887
728839
276085
780717
803938
124107
826042
834376
711044
187598
720978
240647
226515
799076
519442
301635
881268
112063
126534
105256
383280
557904
518416
399658
955916
307756
723646
528824
326277
551739
897735
698392
835525
787484
819313
591314
197118
785458
258337
293062
959980
795254
336413
577451
181859
887074
286543
284769
577416
593841
344281
715239
534279
311789
108034
801809
282768
316281
846945
727836
215246
137802
370558
759120
164665
574681
169062
974755
379998
413510
240653
507270
396350
356399
808545
397510
886115
668695
756070
203362
875026
393217
460634
324545
417750
107281
909867
721741
861675
639020
883210
829767
479081
909044
371239
806187
913875
431990
515802
426075
264057
214526
286153
902664
452506
785555
497555
195210
542824
871767
591193
439684
807951
269755
121152
366952
186381
329601
953932
410704
220813
377911
101371
268466
802325
251779
645541
575402
432379
365261
163637
741452
500651
127495
872682
520488
615635
736302
331243
136225
130293
879830
480237
472920
665367
462443
280657
735453
896245
334907
527895
271485
782262
692632
240986
306680
831349
752955
949850
550983
271720
606846
257509
924972
316905
874763
551841
130571
499244
709963
417648
763585
130311
534164
184104
495876
380296
659325
568945
845690
465648
143946
647473
282965
483898
772221
809885
758408
490089
227078
878059
177556
533690
342016
320109
947588
455443
640200
730899
721872
172591
295034
843082
835146
511281
988313
356572
990308
562911
377693
409146
410127
401963
565509
843164
492559
203875
331332
660005
984422
361842
750133
382058
488503
536122
998209
808710
200279
811193
406606
296178
967951
754591
249984
432517
982042
600637
606117
175033
845455
110086
665233
782949
515339
687759
924000
148234
864359
978397
575150
412452
665467
123486
323488
856477
827860
320778
836390
409268
903028
973448
363654
664603
868239
152393
769484
401043
307970
618537
544302
744909
289163
886486
666777
972575
867804
826083
575321
640384
286333
587592
650001
302491
142401
315574
485425
107401
680882
902206
840452
559667
976129
240291
211255
402621
286610
885535
531117
644149
710285
225816
980883
481175
128745
126501
407529
956639
706058
487223
715044
996758
324153
254464
985992
138179
396258
565859
520710
995578
622082
325569
332863
981054
338965
245321
948369
375064
822297
518596
191280
388429
664561
981328
564687
308191
602134
318065
788997
482191
287680
113641
966984
614455
594639
887394
298262
535987
105889
577384
926140
639109
158481
657971
862455
416931
740315
577150
993624
656771
864845
340350
697145
948860
658755
485121
952109
187073
186368
926778
222734
602228
915161
408494
325482
535807
855562
362602
432524
566399
628009
204511
209288
784819
217666
431820
700012
117141
178429
768571
768264
454297
878483
504141
316981
124464
325851
705914
847571
475760
771260
273771
271156
996282
244117
559501
569860
850436
757988
154405
220406
587380
181808
841590
356062
240790
784194
166958
584538
467645
358993
701746
460537
780550
811820
679721
982708
787369
206439
410005
127434
681923
364079
614382
793176
645619
230070
787842
715442
852914
965882
330470
327458
702534
492139
880690
125490
100000
530049
776653
719777
950195
941699
556212
947530
828683
837590
552402
498336
760913
675249
442256
359924
599184
921006
269437
343661
215338
371417
236440
553391
837959
289546
963488
901501
525894
945672
408502
635853
967899
909213
996362
494861
956091
948851
643250
596166
536519
400805
865346
958457
122120
603098
326974
774418
681909
976016
844597
443823
997111
480366
789521
859041
778964
761433
464229
733653
386319
147685
744478
831508
618323
279987
589884
333104
848370
902498
778204
439589
676638
506713
344786
196192
435560
890411
607341
806528
658720
956718
424754
540603
239016
109138
511299
735963
666758
245153
847978
974234
311587
954067
798373
684178
511999
851944
313500
777382
405532
867501
365593
861370
770476
198554
546718
591006
585293
300153
810467
454650
659125
121697
139327
528906
161098
696715
680787
259566
282110
511792
521643
324784
264565
474232
845023
845050
832016
350631
913633
315969
798509
192994
779613
162813
351677
304493
252795
860567
873378
122302
261033
404221
704922
821858
839245
547627
449750
262135
141947
169516
672190
725796
459884
562272
210490
299548
438560
316561
242511
293310
935735
904932
420355
237222
637574
466850
675010
990690
770042
825988
831689
398658
740167
670350
472306
259936
995081
942116
670173
448860
864756
867331
589409
955782
444629
751064
851798
202073
436315
639620
866342
354492
875790
358168
112621
597945
324276
563623
599019
208168
581005
582785
499072
501432
757638
517998
601929
918843
126329
826292
961298
823463
347356
922209
875068
647263
567332
612580
125789
114919
227029
247345
289491
825447
490809
483060
690675
520046
695926
575377
182604
960011
216117
692455
812472
131095
933002
996889
544412
473358
702765
465665
609420
646265
629188
211018
674019
480984
944777
612405
447146
538751
309999
700871
625871
649287
583876
579824
963524
468156
933496
172979
666207
118784
649238
174718
119838
410339
942836
660752
994818
599580
540246
315151
244831
482781
374517
802501
538016
492009
370140
172440
435345
710196
665368
658428
181268
139092
987203
824598
421950
746708
376594
890069
150038
454974
410527
177309
733898
733173
219722
741842
506846
337705
399925
391795
914133
293053
285704
266467
202250
872256
477862
725880
845654
356025
913970
101033
209444
468840
344108
691328
125711
150292
506586
651139
791401
277760
563999
536396
482578
563569
480280
812676
575722
508190
197199
122091
638205
671125
624203
169793
416540
978396
699813
367189
937037
481567
105111
101231
395873
855514
893970
140780
121446
874036
568844
556328
705070
660510
454011
125436
828865
880663
665178
214075
568225
161753
507011
784002
613590
131236
340129
142282
223543
566583
420532
301080
280289
229116
658788
772087
498945
782750
869635
876875
714335
339928
729075
949891
449758
237032
360658
304259
802850
627513
595643
663849
765308
904249
865589
998054
966481
699969
456316
895999
922039
349201
465910
961184
234574
733164
933670
681147
272619
720518
507276
884947
300903
679472
364788
275183
506036
493319
872713
529345
645660
774446
112464
206241
127890
336212
529904
677663
485790
982334
485866
368762
967417
497296
835498
333868
845632
890927
704635
369407
380737
964693
509185
816257
557465
510023
621437
720459
207388
829089
505753
380806
140764
107348
378311
233369
304566
328504
620757
548171
600135
836048
349372
363257
471325
887305
959941
289929
138332
885783
786806
912557
303599
996984
648270
950401
281450
111023
478440
814946
403386
701151
355853
914611
526232
370481
561443
565612
813308
825006
832561
388444
184394
608168
428240
902405
821326
490332
239861
154689
574616
199491
639310
630939
731571
691958
756946
462529
371979
950778
428969
382341
965198
542524
670722
822360
685936
797465
534834
265220
468952
947686
248989
357557
626868
208805
138742
887552
924296
851701
391799
987747
584278
316339
712634
189406
103551
407550
947646
563747
956174
408020
667004
938952
918912
821798
529916
846033
703841
825638
738934
516026
399859
820159
729970
478559
972452
622819
881581
805752
503100
976735
438033
980033
427157
364715
665017
816800
910958
216789
666413
324534
205010
699044
510394
616587
703958
638460
475729
502605
911329
615647
844907
901285
890986
943681
337410
341885
741912
216566
520596
879802
260939
851221
674029
724172
220971
150105
496598
728639
160391
698169
651991
788138
574568
920760
134133
970979
653360
731372
332151
348634
856746
449830
675361
934192
783689
772843
422028
125615
940512
572860
902267
290031
783408
711472
101510
307334
336936
284710
729382
756189
716649
108062
477760
910567
457730
565729
906965
898683
378776
815194
711605
375597
395733
358889
210076
453763
947519
916055
886329
532148
764360
554123
927406
505548
710722
407478
133235
592519
170230
607589
393259
646891
660889
484711
131668
533051
152478
305823
485213
259795
626558
686149
344521
453759
636619
471936
599254
955928
467895
173038
184189
298974
524832
829710
565244
253381
959929
291570
863837
183055
390833
413211
211713
636359
319109
802921
854326
958345
612696
540833
479975
467110
957694
224963
683574
222963
904177
930427
730406
788432
257654
255330
405009
845712
168776
322131
399617
593345
603459
381811
955700
389319
849297
696626
276694
306114
266206
927059
192529
231723
411045
405067
456935
472078
790458
181199
143527
313765
370635
824705
248137
285297
320087
872800
203588
819562
742739
791481
345002
975948
523183
938496
623391
457427
156490
270504
244761
242645
558013
995021
415075
705232
209226
941310
463983
501250
717288
627212
139132
945779
223420
554419
928846
720425
341867
711563
654027
147659
947970
821568
948218
634088
899236
153648
823796
546854
859186
491769
609678
448932
841824
836725
681288
593436
378416
934019
106389
143740
743957
134662
401285
761743
652137
888447
410191
989226
538792
195895
170059
197292
986066
549450
255324
528100
558505
399421
109619
758660
475428
209477
314317
284376
288051
709265
388344
860229
950207
971866
572778
458382
191841
851564
662768
322990
848103
900977
194458
643357
790561
481981
246471
832150
118154
571670
596719
791378
549470
529271
969481
732118
350034
862247
767952
268189
136043
139498
821775
929748
405593
103416
503773
338553
228987
258665
231260
546199
171914
908864
368789
688551
592764
516915
990876
338635
320490
767024
755781
473602
487694
332290
242590
790296
304449
941464
898977
699922
446981
623936
151698
371259
951004
907186
659348
355080
541108
611806
794638
307408
542481
572343
734580
355862
289415
327491
942014
195176
875950
465804
218659
154370
701282
458962
177700
894003
638104
677117
338607
510100
941944
548181
136851
132496
687323
819885
267347
440795
251084
594252
375147
312205
103656
508682
573175
293372
950180
404754
419618
437239
271180
238983
150480
843386
671762
732000
451566
453225
620698
434108
241014
897498
229842
683262
784217
819580
120617
345148
988060
818091
584812
321356
112503
941662
801144
885269
418852
431505
702550
803312
740376
874709
577475
172506
633500
720237
628040
551821
688407
640634
772023
614983
551638
502439
939491
477939
196973
750199
442133
141773
104662
221574
836246
980198
897267
476371
673514
455037
881290
948366
349272
530656
580570
757104
167633
336637
105622
912456
153812
268562
555664
461509
326356
849600
544510
413312
331586
609616
148938
893339
216422
480560
629055
523754
232942
590332
870592
307357
699466
938683
864584
400240
146082
847236
387369
691282
476606
671702
775304
577151
495387
936139
103085
698331
571581
725177
734038
523210
282331
134524
375894
407174
534831
646686
840447
235493
565996
564271
845710
714559
406326
808970
899520
305033
247530
156989
518658
718765
916995
614988
948635
406996
162502
375558
256085
255722
713078
721577
187233
860310
599210
489347
603602
452905
569591
960962
447443
955363
506030
643036
970159
939163
248228
945057
897400
617725
358525
136471
939709
932656
153638
642925
983548
439029
876399
464853
609786
256260
960131
938043
945055
687602
899281
652532
959988
653877
184926
931009
996542
532670
232095
867816
976422
932553
318929
192670
992747
177735
739097
297368
856774
991744
178141
408742
909280
450126
460922
944564
305671
571169
957476
288899
275108
749637
624791
215495
380653
775043
773301
901710
797094
467949
897107
197493
272910
368495
447434
304423
669550
172953
246526
891839
166097
553708
653038
877811
231812
720100
202525
235560
341224
969672
378849
776474
482725
341855
242160
892309
316348
281332
927412
275426
851309
945547
186987
488307
680849
148873
161887
959735
964959
754342
854776
623112
704621
783159
728539
973163
909575
267957
222948
298195
621299
261477
669898
688027
819924
154721
701081
934835
291840
763151
295041
497752
876577
438322
923447
903265
471753
869824
391041
574953
262650
228898
873782
470036
406518
586503
656505
693299
956688
547060
298777
292585
178467
703185
548914
267242
695008
836853
657375
554617
585890
343830
630805
259731
976358
842464
365468
878904
467498
749698
413759
844139
845848
953922
529716
960222
726787
967586
466611
635092
914284
877723
211804
469825
622268
225084
846968
756858
765838
152882
495233
100851
539373
215529
166146
466147
981811
580303
822787
438233
708740
889517
776614
864624
568855
462331
253164
414584
537142
629095
855579
922336
758678
916530
461983
724766
212168
524258
670726
441001
234658
316703
423395
175852
988585
816460
228869
892441
402598
572521
574969
183869
982234
823462
277849
367438
148853
347213
281646
388245
795527
100116
545589
329670
283346
174649
582313
296358
478889
729281
933337
873379
179724
482081
417894
596567
244154
850959
569587
449429
788145
386859
876118
654161
790914
914494
654278
296686
300473
789690
666423
102357
767935
375282
657421
543576
604464
299295
358591
215381
821337
497383
312932
257614
344089
740561
397665
455563
301143
495398
625827
346878
443448
481702
955942
215227
475151
918478
135094
200138
922481
990391
981380
897838
759659
144661
182189
134455
309730
851070
297045
388700
809581
867288
895884
144182
365993
726267
305430
321776
642434
421301
156560
328180
957334
459256
883910
379936
479561
513681
989056
813091
699262
444468
785089
770000
301419
363866
964457
437797
614835
517994
192766
988341
585989
597527
472344
654002
447935
161611
772096
688726
256668
554486
666038
643850
822740
151447
354717
177825
218152
314137
700492
416747
223449
910515
188581
306968
109941
246005
679485
731997
238462
395720
231223
278054
611031
456249
281030
840382
541541
214673
272343
507396
343252
614042
864977
537985
544723
453497
155783
180822
396194
953900
272688
532860
191528
974733
265993
919802
903594
943924
800352
815558
283775
439693
740292
108794
872879
617415
224404
254249
531157
416037
667120
586646
630539
769221
215486
748417
228352
139435
626568
610216
807838
233100
540900
693913
769336
575677
508738
168691
430300
502036
487940
818402
293737
963586
725696
997825
266373
259006
304347
886057
679049
959390
239173
827610
137426
459339
562324
610562
947768
451479
735895
457555
827205
788659
632971
174412
480720
199103
411535
748343
951956
272141
950615
934868
746712
392269
947403
638222
556441
570006
222194
500955
234250
563600
820545
874027
785803
369037
955922
889649
805176
118577
702881
432443
892783
357077
185011
711449
342218
283130
326334
508299
134338
692705
405256
939914
508433
605680
409216
259392
644979
162344
430434
136089
793955
235792
568012
790867
143256
951922
651471
294696
441420
505759
108999
222451
155658
777102
200424
236501
284436
696703
594105
317067
970422
547348
784642
876191
746788
901920
368205
985863
605498
602883
200054
501453
551849
993818
798878
435372
921960
217784
440887
146578
692972
404297
509730
337775
550628
339876
300977
550107
733210
586618
320548
648192
535767
236820
989557
235735
160595
264515
205689
222910
454473
528380
834805
566791
562036
737456
911266
951555
917072
646472
314004
397936
951183
310189
793399
730230
380798
275807
427372
564641
863444
641226
796981
963829
851283
324994
330473
933671
295265
181589
751862
817878
310624
881359
860528
312042
381462
429704
417798
988864
545344
250365
484796
856897
612217
252570
293007
374640
320931
396418
182799
583869
289180
749688
362735
299750
293444
838327
500726
954252
484975
495938
923660
872934
359129
258304
763721
124463
517231
888148
835820
243525
969778
359761
600552
623236
783356
398520
822094
388824
961951
471132
832860
786605
891497
110499
603604
874218
477435
564733
730342
524897
294261
991087
320566
679956
847419
513794
546073
817519
261414
631032
751478
175530
603017
996255
590723
864683
836929
667815
753202
839810
218229
474047
616783
431723
348005
122129
997060
218526
712847
444003
525443
736657
288649
863005
611688
457663
918292
673881
582956
556419
735791
377974
419541
599672
581225
638350
186445
254391
671820
239984
869372
173935
385689
696272
374994
729833
679384
537276
523173
315470
380391
510702
416204
441159
935620
230629
393197
254851
318381
453422
332629
112711
951915
266700
958202
846533
335477
206332
498540
373776
708011
739408
164004
295566
467097
141698
626398
217876
896815
873724
277729
229363
223896
552837
236439
120692
316508
608182
557367
369316
267918
689377
555911
297066
620758
572808
377112
536189
444919
139879
164610
847647
434833
365062
198464
951926
569744
366955
640360
690422
726097
102072
438423
291877
606820
542436
473410
362400
192801
732140
124297
472621
961312
470283
887486
734067
888865
723759
952461
816278
342232
362444
374788
176942
643668
548045
173236
860505
123831
720466
944782
362994
870930
865068
547332
490744
996165
466890
844823
227659
794738
635742
708338
723410
128684
388988
320803
415694
754363
879684
878069
287226
117998
661797
736196
979223
462103
708369
262728
699884
701730
828732
692522
865483
753986
569017
588634
449865
675042
416454
440371
795617
756187
208027
953553
298416
786393
268532
943400
468594
845813
203296
146303
990249
317071
181235
672840
280356
659969
882443
395093
464430
465810
686994
895059
181177
711808
358994
275069
141010
315329
603641
792018
254322
552181
811655
886264
399602
479613
795381
292919
346400
427581
295171
295106
771367
989688
595608
182762
871483
653334
366568
201632
516099
904451
188001
556432
843776
322466
387915
565523
262143
104201
842217
658911
538474
190697
102891
742809
550859
491334
200549
168949
694648
204873
373894
642059
658437
919278
480817
296957
363820
847022
129965
137187
481775
444781
537802
846121
255825
682270
115368
965332
855671
375402
655540
333061
404679
569216
291351
359622
303905
229071
538301
510390
622365
766449
310083
906654
615077
940744
663364
237254
860208
104501
723737
247800
341352
550190
547235
820852
822411
100516
797258
684069
949067
171884
505316
608689
746268
148046
544636
103366
115321
410286
702832
822907
831950
437470
694684
348285
368707
260569
982349
346568
282892
754937
813838
793663
262084
300290
628736
936543
630435
887966
291957
388045
590917
734485
890179
190156
718183
813961
659447
366821
580281
553970
685211
923240
123864
467682
309590
760878
109315
317883
860060
919359
644529
679523
582367
263671
482462
619361
933344
924672
827248
790302
724012
691957
591603
309038
409982
337241
382393
245764
918332
689060
514219
603858
486066
520903
875619
534615
346900
654382
883874
488774
462729
363080
416272
688455
944903
770221
761290
956816
298596
596472
945494
780744
576859
262320
363322
769035
443505
860303
193466
789094
459421
479524
263276
635418
819055
679099
871620
572026
434906
404456
935500
890677
440143
975757
340663
759702
918105
526053
357906
220717
457280
327696
747227
179449
473971
183267
413729
384981
607694
662524
278019
759458
652132
783638
259851
999301
975805
834712
382507
328802
386361
378562
853371
189543
679327
959352
894209
242763
693741
710599
499853
329987
863013
365004
142098
443469
448474
903108
712151
384813
813821
359371
640405
960008
374001
207859
555404
615697
392674
526909
127428
652830
825987
557291
721929
903440
622666
755805
179352
330361
585519
189616
805785
810598
999841
637540
364183
109980
840285
363312
167687
621039
353691
539312
629719
321648
822218
742739
133921
695860
155957
457797
929753
671703
983083
961533
256743
190593
239252
600067
665108
772966
500897
700194
402548
611671
603470
385339
220554
277226
644609
115097
116106
640640
685796
550639
233549
697427
272991
897716
395118
863634
356680
669476
549365
610741
702049
466767
921856
633359
827947
957377
657411
473147
227531
528527
740634
900814
280158
924874
246325
155728
688221
401291
187415
143216
309000
814027
532122
503763
371520
394908
296215
893042
298721
341983
991619
386024
801229
250208
920551
529703
311724
605708
383866
306794
716681
329641
599529
667238
693446
760910
299886
614115
173499
483474
353226
698953
988216
647265
429770
630980
874619
747430
947211
592311
851259
461268
210921
519964
783580
612911
287873
954108
876028
282859
402126
763397
334107
913037
763831
588778
592042
358763
310221
471155
930052
125243
369786
606023
614370
599744
776614
693074
902490
146867
178009
281513
674473
305178
780184
908102
412943
375182
663595
474653
448864
598944
807837
475545
532018
760163
123865
371817
733029
577887
450378
124658
648405
371147
114715
313297
935565
191101
891450
268959
716645
272813
988844
837047
142360
161678
326178
615761
713523
709662
550113
630363
366766
435613
816030
998796
250764
318213
789981
247348
901681
516829
838346
392889
673958
527642
724178
347434
113168
613939
320140
627033
362276
778374
776596
575220
220992
129155
165951
664249
773458
654749
327719
211707
147497
556360
383875
454930
851010
785826
463861
702292
632271
938931
417658
963755
283316
378570
615977
767615
806266
542276
137051
664811
921104
348624
556213
507202
222790
700941
567425
741302
384493
455073
853433
357779
828930
654121
258319
901198
904058
618997
122865
406400
226478
639047
201113
310834
142002
414669
514107
267667
564142
657349
318189
934500
744019
209897
863316
155910
663670
879192
944947
313188
597022
550980
572871
219207
589167
248129
325927
318709
545135
780974
978398
755107
420578
626443
657300
883111
192227
586842
123360
992817
785064
730802
184756
264279
252766
994383
916285
817504
563278
278964
236094
398209
632219
567188
246299
914578
431982
239399
251506
375700
632879
165127
769129
382350
968343
358414
180141
875523
983501
741498
645026
904864
381064
472505
157007
824996
846239
961842
741157
958887
141143
701947
744067
487453
840481
174885
688891
467738
124737
149658
140910
515782
962857
790621
489999
525045
613025
392761
114313
433928
820787
750245
144438
985100
795656
678813
959694
708761
590231
283048
109329
111575
268533
835747
293271
940943
965566
700691
489386
519555
275140
326595
409638
534212
653589
204250
543815
243009
593478
831040
298063
774640
900995
534140
780286
206502
954305
748965
446782
715047
184706
640956
787336
187048
798071
458642
978687
768238
299795
133288
813172
903056
641105
146443
773289
778409
356398
267265
882272
429389
668182
893730
211816
317892
986908
645013
263344
594214
357961
312080
973143
718554
269420
365761
452035
369435
621670
292833
181210
381287
452561
518823
825093
694111
111355
260582
224764
440503
964365
528822
173998
274485
789320
125850
197763
410931
271221
663461
591546
667653
244003
595232
891176
587854
602901
888830
627546
583338
379588
794963
994024
292796
545076
901606
548375
332249
258456
272116
875691
289725
542216
268269
211317
336906
110101
329184
599962
329359
827436
562423
233395
413297
417176
213117
706556
827897
616622
450560
152440
957379
536466
849674
841930
666631
293439
351688
435968
515709
442847
415773
112135
270928
472680
614858
832654
456714
517727
200975
617289
717792
988683
108552
663397
879341
351812
111988
225839
459962
189453
584959
955448
749481
903121
684205
673687
236588
758704
359830
861586
780335
113297
141692
288448
269219
902335
861404
999296
280796
746161
894992
950099
522949
468122
137571
469222
286110
910124
856946
584686
428088
996079
987853
968907
968135
101486
120476
590453
182395
870900
271151
459499
832983
757961
247299
592123
360070
927051
205754
872530
438734
845951
862381
391062
970169
459987
474943
139976
288727
771691
818129
183878
331225
368810
823081
598474
564241
643941
936374
446196
567252
738301
458429
641631
680121
997313
560748
966030
561749
580017
299832
889195
892780
363387
153986
950121
303727
688925
658665
148112
200450
548182
970165
826112
650368
667871
397059
948602
202318
937011
253975
300637
283039
272062
666388
379979
976453
277122
459819
384820
879182
530425
875222
706827
415522
240432
414720
873825
688961
176342
102135
523912
127659
898078
849364
545411
515987
504858
836747
477838
213192
513712
500510
942276
576744
460333
927491
288203
860969
334705
616722
628264
791381
978982
147384
796412
385611
307921
611273
186359
789895
693152
119378
786435
826393
305649
992336
471702
174770
567506
146024
566410
127537
264885
338898
648026
293419
823679
707080
773323
569316
929819
739524
379915
501574
366147
753505
340305
381473
848274
760846
258670
177267
237497
638927
973200
863216
775392
388404
175740
952475
848477
973131
783014
218329
233027
245389
441974
821400
220278
452206
508178
486671
183407
474169
128954
645668
326213
487698
290062
467850
947562
955448
384485
265441
429315
734208
129407
346252
189171
279382
729614
797561
263836
417985
279704
718822
964666
218076
618578
844399
482435
307494
892261
956364
958186
629034
160862
467226
243255
238812
730999
386899
203988
223735
676551
502464
765266
489430
811861
590842
312223
888954
275567
608019
536358
444317
576431
847642
504434
926399
741621
811626
932281
760871
559851
402270
366096
283371
278766
934381
774445
596568
767376
388547
995136
656525
915623
153768
342375
911323
312868
454919
519759
474060
112367
150922
871079
934027
580757
114229
660079
384475
310042
193203
134869
446700
889825
295189
900226
819445
774867
400820
194978
270826
152165
607841
265653
231098
411000
181937
504823
963018
222076
315220
707152
382237
772201
745403
136868
756920
353972
489996
927322
188563
264814
684564
595344
607026
423823
402805
467913
634566
557458
448355
836493
530920
700893
211142
403145
653502
975631
786254
539938
342850
392971
304458
147125
958549
802338
744338
939290
492157
520259
250512
395590
637694
121850
756803
754549
112371
208535
371906
181499
805369
177168
971586
159088
540472
826086
346813
321824
158142
583307
236531
336985
297731
256035
382925
812782
363261
872585
993133
803500
769215
739066
386797
586754
757248
319860
713829
637451
461613
184284
862690
945631
112048
782580
365662
636747
769899
807125
607476
575343
688224
616239
903051
262502
525263
702652
404037
932057
652325
998529
830967
206685
537206
892556
407838
536073
697245
236596
131549
727955
115433
919001
189098
682599
743371
771040
847365
754920
302734
163182
410530
567099
904081
274099
916338
314873
451488
791133
510746
781271
732673
958709
167388
157582
941743
430512
542324
982651
860179
624203
559162
375072
752636
633441
922795
469246
119412
110139
294610
180203
988932
713607
953123
505939
428839
856900
317181
360515
619492
375461
512672
590105
266202
706272
289576
969323
475119
557595
311323
553998
937687
629395
452419
319026
895114
599109
597186
734408
445932
587585
418840
490980
751758
952324
896230
752487
803513
844374
204020
922737
822215
499372
480966
639610
331029
742228
310593
279732
926306
616468
456159
432126
122110
869602
140177
780706
928448
100396
738526
270815
797410
141961
335645
244077
697663
491786
332298
798287
811597
482956
365643
829097
473176
824474
558144
360515
118254
520294
563530
214496
708243
716212
391631
304943
764956
576848
252840
999881
660898
688987
788541
887613
900730
198456
159931
826673
216014
646158
559326
805665
601074
307928
908768
380315
792454
924192
700373
832484
347111
402880
249396
578976
981288
361946
590447
611176
503052
503049
133405
321876
552073
336698
299057
961365
341601
884519
509508
205120
605109
693053
231173
457363
909859
425067
608124
702568
135249
344741
881775
678972
893010
637962
717734
443661
354495
945185
593122
162084
357664
365760
907578
268090
679562
714124
409752
426869
954884
232421
947681
729592
939397
316788
203380
278013
376237
514553
457346
313488
917221
476864
795649
174045
857649
666961
311236
235354
124408
208035
208192
443903
786877
991001
894428
884044
661724
406808
922465
766979
860401
154862
114574
814333
113713
789302
178537
822563
720383
732815
472553
277445
417348
150223
284390
416023
419900
531287
128113
650387
488960
259380
133485
610473
917090
746994
648715
811930
770325
240136
128247
722100
599954
344073
467427
775329
560226
770805
954520
370671
796489
473291
913676
594617
972917
971776
542233
251842
666232
880078
888716
678496
847630
573015
135179
119510
843292
217421
889685
785998
116142
962910
933348
304992
106572
891586
850112
137996
555911
144929
324106
887255
127865
860510
802553
746633
781823
714242
763869
310867
986924
209860
852042
864901
259541
818289
655185
494529
104330
105004
583581
619416
157289
646335
247230
240864
532498
915192
440546
365789
934716
216847
453486
947537
897498
581882
126018
413359
141662
395749
258606
644510
805369
970514
530147
388095
437295
631067
493796
782916
369015
164564
505486
832068
512941
456654
727368
222266
157938
533192
586947
390867
472249
257944
430587
475962
715515
829709
221457
581008
139897
538208
719051
966287
472771
229735
978317
418796
360926
276711
729690
950112
291276
144325
748391
827626
961090
741124
416563
698819
493367
133370
473197
961824
686685
358520
261127
750685
563965
226887
936235
665925
116882
580941
190513
453820
815916
669711
547030
410388
721116
786778
130662
855808
915144
592357
667014
728582
495988
822191
875624
593424
889278
798960
520755
603468
705028
228309
830869
571757
232205
175980
561478
695600
659576
868219
924216
821970
602668
948212
691611
827286
125194
944785
537484
577814
230651
249316
525144
883181
247336
441626
708531
808685
368277
812198
533997
797249
180596
146807
429838
557436
574090
321674
867554
385909
598850
267425
136221
579976
993500
283673
671256
884522
569118
831024
197707
346234
897547
283387
404045
659328
245143
591520
772829
396379
911725
971741
865344
810721
664540
146751
111061
334098
435422
186342
895293
218701
144276
867093
261645
335113
837899
588494
228799
957632
874981
929133
612016
144237
395513
305542
380012
683882
481136
386864
973029
342146
610289
317931
909280
982709
811527
754355
216119
314205
761787
946484
277948
255462
883176
178575
991407
602332
983628
422547
546043
480509
860743
465556
135551
622384
482691
199957
547747
421888
121275
487965
317988
139745
829973
129448
842424
839155
885638
240874
669628
470093
896553
881545
125310
163666
991418
681249
780490
898558
312711
680892
676573
194300
941619
827718
730396
835166
472165
265610
562001
404182
362921
688938
411692
779862
898016
138305
134663
117110
829316
934127
521678
999758
869512
499927
578643
766518
281305
783515
334440
264837
876973
666258
535061
321029
568759
457434
674667
928531
260579
605772
410404
412682
122268
708310
769296
898797
314472
597060
996724
411865
531544
930561
974485
938471
648928
547552
363463
924497
991179
242126
272466
372640
947994
858589
385196
631677
476970
394021
988945
311631
440642
532818
454405
368719
207183
660121
881156
775195
907620
748740
320706
591110
251061
821441
110655
287833
799804
990114
950204
385615
996626
567386
229804
807952
895415
543197
253206
347160
435017
528423
341870
108065
599192
591912
729671
856860
732675
283487
145322
735663
608631
207290
674810
727496
496013
106274
753988
180453
933526
617243
581006
327571
602046
289194
483723
488807
626138
516316
878215
575260
276603
335507
567763
819929
682339
282277
820035
584168
126535
553234
649113
422613
778966
753846
469062
304156
397444
281919
803139
817371
877014
228982
395658
648078
447249
985753
344546
325383
636688
532610
971082
794359
493774
863619
894043
237091
340944
697298
536555
463108
531573
501349
953656
102690
673132
637619
918025
230565
588849
268025
859949
322250
742529
505238
684039
579486
714261
208570
309809
419697
203379
732484
946329
846289
139919
178060
214628
617225
576482
373500
477412
689401
403582
408859
433240
503532
235269
451851
763956
426457
531656
783024
107803
342953
614065
809119
628135
252618
368838
158284
113012
173525
136921
607917
646396
296796
563996
991317
275748
623565
593261
274434
629780
582271
380588
323664
891118
385671
500050
814691
129966
962177
487772
928343
716699
883718
673422
221315
267500
917675
204862
135462
634332
310512
803408
648359
174852
517558
456661
503100
284652
244926
700861
986368
673340
298332
725701
851782
649484
688607
196129
963497
147300
938933
532636
230109
447671
435656
234756
923305
352671
863033
854589
443061
630855
686493
731541
846759
281147
422632
254874
148780
670257
680187
614441
546219
111878
730242
597948
591293
423644
473561
789981
660977
297321
808111
131759
507842
735433
398421
513441
725972
671562
494811
237232
141572
418145
980275
265854
197664
441782
856235
310679
301013
314383
993886
913097
216565
973606
462707
958948
886803
336724
171171
990400
507236
401578
636442
511054
362194
533151
928139
507348
460076
239712
720686
536317
952288
264448
285312
350908
504588
160088
848642
997626
533466
638445
815556
138551
709717
383223
249152
834250
144608
857155
348396
253088
109592
843858
211462
944999
484259
876549
404366
918060
496189
873785
842837
139760
306246
471341
435295
424278
573902
498782
575567
489000
858076
676882
462716
553753
130101
867678
940726
217494
383541
343748
980934
476186
321242
671919
632847
651070
678181
106666
129922
171295
605472
438878
839677
865457
366195
443794
808021
430931
569921
888289
342099
721770
992479
303658
627951
119839
753640
327241
720505
424814
590338
228305
507580
182778
547020
411686
130530
996749
208765
650097
959970
872962
586465
631699
192941
714055
132016
890530
420699
998304
737015
781424
948999
760204
596217
103735
687287
769309
558957
320061
671782
518265
396515
744683
125525
698642
704377
321471
153112
697297
760955
127968
157972
203406
100821
359836
916724
182698
309838
601762
505014
199604
580570
605287
813690
206488
470179
937081
652607
978937
795781
840418
667243
155210
193301
606015
873736
632501
776395
107818
268314
989821
541237
921035
531272
305850
523878
555582
363753
544831
770317
260452
342101
742229
141768
471631
523793
133894
358517
964185
203241
639145
301209
866091
588564
921974
658872
144786
492049
566228
158840
874719
874456
665357
973539
765516
122900
754191
974769
322273
965636
359945
733212
206429
926065
802174
505985
669318
665186
737768
913644
702223
830770
195801
808279
789485
421340
187111
926046
677751
756490
741575
513617
830616
863181
494180
618012
370951
240043
460049
783856
887837
669670
310298
816012
104166
171204
745690
362055
807057
158117
559051
826692
266408
838718
313181
877224
478934
477483
596689
881741
670950
731293
512651
644932
473213
747424
815111
572258
995279
203754
800136
120742
175385
754346
452469
368699
762644
765211
103261
218556
630966
310949
341008
654327
428118
840331
627715
787753
149055
445515
501646
117428
394138
248843
190380
665028
288960
779001
506693
418492
359699
146968
712542
104963
272125
393510
292515
565300
112636
623414
962950
920697
864954
671281
355180
138857
964961
224617
325260
715784
256531
490400
592709
288820
137696
978531
659165
752673
105458
228360
947732
409618
293912
696801
551266
188879
686993
653086
171197
490733
964835
226783
756832
200898
601010
821107
105015
691141
992527
158570
902529
447822
827901
990332
233670
157289
973808
309587
695671
268282
976479
200373
495681
963393
640252
627961
694603
296897
289422
907834
335339
376089
495432
703774
858302
354745
662646
330655
664654
814822
888228
114628
494309
993510
691946
822114
455151
407320
383060
659455
650126
968813
163530
175084
623991
352814
975813
632848
589794
474467
474801
653814
292711
753076
522724
473482
737384
961964
482660
273351
474643
223953
520425
598759
328007
319357
736161
145622
855552
743871
753468
634972
380653
260176
231552
994077
664289
643384
280136
419740
470518
561762
677353
850477
849144
865377
150110
874661
863539
302486
985679
672423
707335
712706
422681
622975
353372
213038
697043
984981
925603
248855
149712
306941
380179
171683
121212
972513
138383
882664
136425
979093
531996
630667
293708
167648
595610
918306
555321
327271
266267
824791
983065
257370
787099
886680
500400
800406
566430
139621
167213
520104
915954
972894
598562
911740
448732
269270
261374
794634
693148
604689
972745
520021
487857
571933
929913
492813
269534
394755
120215
293366
937377
984194
127544
178921
321472
631551
316256
437658
572611
209821
278730
924487
542333
203797
874346
322118
371729
882404
265733
471372
835909
984293
692353
975709
498259
193551
166717
475408
109523
434130
855351
957374
892740
665099
548103
397735
136781
720297
881166
256645
119369
743617
435042
872606
824812
973602
617526
924556
733881
461042
609727
601947
562251
429584
207832
549411
703650
501180
620361
161298
763970
531205
778865
967512
711626
798578
600293
255346
483300
587993
548484
481011
566061
648526
427488
290972
782669
664308
312849
244360
181878
868006
688509
963600
216785
256347
563914
246270
197521
218795
787503
989550
315802
247223
335470
280114
664572
634623
757160
710268
389962
886944
601958
396255
401496
766539
377117
128820
741523
909445
102513
987280
604106
891325
983641
354508
916026
846086
647098
635945
945957
462227
357015
959987
456309
521393
207946
541848
773074
166246
191829
231588
658440
212979
296293
333171
176696
760202
255506
726701
708903
556202
912014
439065
404131
116132
629739
862009
592105
678182
272363
685243
575038
498383
551934
785116
233022
331428
904572
387375
390459
790350
468134
591193
991889
497055
524280
935836
998719
886268
385284
424248
291191
671307
754370
756105
714439
856056
396938
853645
937608
943073
332708
951624
905990
362938
913686
916183
959633
926942
485502
734813
342721
868725
368662
252935
985573
212910
788486
413964
622157
858476
999633
491986
855721
723444
541706
178184
152433
500462
397362
117666
642066
248581
262384
312187
480466
178410
798458
797591
719781
588951
634689
899635
686818
486461
552672
509954
675535
785897
816676
755794
488863
242348
242800
749207
993845
245842
949188
828166
765090
397616
444056
647456
826880
327738
907622
827420
518458
656060
286652
991406
649923
483182
456182
857645
157752
874257
515946
932155
829860
104128
739609
897576
597422
871061
742688
707055
683097
505197
187024
380255
314504
380332
979879
347570
178826
347717
107656
759736
128437
340675
964067
133097
405660
534743
335341
673907
124295
330297
911413
880805
773096
437421
838473
838458
112884
165004
356279
637847
265331
102507
668129
767983
277006
431509
675155
366635
418633
139484
861939
968193
452986
231459
862906
220300
240893
348733
819495
616396
388105
924317
682542
517209
228252
930649
647812
207178
788386
716949
286380
474180
304187
993512
471443
471467
898449
439715
656591
588408
119847
710172
148903
896102
693565
245684
414017
776636
879426
727295
365302
618354
969905
202401
493224
789322
402279
870928
604651
451809
959105
409352
120567
328107
343627
866092
110463
864680
274760
761186
608663
418476
261022
682886
423474
953115
183410
835461
585236
105323
868896
263000
351559
831943
842995
444715
480898
240833
970537
434614
117553
607973
947188
206658
231979
774111
582708
807213
714241
536115
695527
726845
593498
113909
405189
409164
321614
127167
820488
562184
146191
386106
437552
745894
411561
495819
351156
628688
225050
401200
948362
870456
864430
954585
992184
667209
613194
346684
993557
597553
742637
807207
639163
950075
999270
560684
779995
951027
263339
875738
839523
684454
546272
274094
533799
226169
328413
526354
850380
128376
262894
178780
751317
569087
114552
396555
829148
107725
217970
945642
460493
507474
897571
159328
572277
718247
790332
687768
257539
863159
486981
522006
345559
920345
675187
348307
381742
320910
882803
978947
333862
873405
719530
656985
334238
984108
484816
970578
304086
194274
191618
150034
844430
231924
937257
995137
406893
868139
431250
459304
360450
770926
750552
295698
876440
766654
443421
462115
767596
806818
870846
873548
670576
185359
131775
159772
305390
261874
910295
598908
909197
574397
359693
208968
236817
201535
550839
185255
596441
438857
693361
679576
441661
838544
604323
787692
248730
171822
353392
936042
453544
241962
611162
727548
836218
707920
358089
979424
176169
378031
534983
424115
195452
588240
436806
174489
756752
963889
809565
536124
637014
900985
657774
468371
214410
861324
231672
944966
832216
279316
412471
548928
501521
277962
451987
703756
764268
450332
868917
160941
587679
766406
452202
935550
976221
896863
314097
730534
940052
454826
768140
357774
697162
812536
327353
262863
790249
722995
139382
102059
198338
989667
600216
492058
199908
114351
140102
120271
181178
727868
676681
559573
806836
368150
166514
479399
786488
652978
319866
408685
267708
965396
899013
760511
835938
604157
755680
564530
584159
514358
622116
798944
239459
950222
745306
369043
249465
396758
287232
780845
350700
511870
536065
929861
527286
549001
966001
258668
346000
416464
443522
178022
821099
941086
203680
392703
613821
384330
284679
918636
511535
657923
797340
525783
399864
945887
527962
376861
769601
894249
172090
901001
848691
703055
984224
473722
360467
459698
930381
904183
377316
969143
813387
120832
725975
412351
106283
455755
463737
176947
130549
569097
712177
887518
127266
829881
795249
345600
832554
951986
656121
198203
487195
408652
486897
356606
628030
754514
661708
340589
126981
269413
436451
597934
253439
322152
250304
212413
793395
764820
538457
640993
698923
263334
232377
817762
998965
769470
459873
583397
751687
994336
107607
176526
953261
820474
841861
688034
631878
393687
767591
956873
898707
749800
869320
828590
160190
866313
538197
762311
433143
365557
440471
918640
846433
510880
426375
273510
745916
221139
481507
468664
272604
101253
767134
827025
425515
689016
781108
391522
383592
118590
660463
158352
184081
448706
536585
672592
796095
643997
937586
751364
586252
897681
239752
326545
522700
342153
838829
773600
353518
572376
645652
477450
167453
334596
944034
361232
209045
479722
762398
384561
528443
238914
205813
511723
954272
103069
825342
694191
577653
916753
832831
986691
236381
526021
398996
722965
442579
561051
713718
274040
648301
667721
194174
686250
267756
629018
836738
179806
802598
161588
424759
385769
693365
133155
185075
757104
585321
203231
442164
118432
955804
533135
388256
614514
127437
812128
403565
155010
520857
453321
245389
701421
605230
883090
810716
640236
346209
522281
242399
470679
213649
897762
905217
328361
658412
154526
137163
217683
816264
401225
368219
184897
573535
917666
755120
978955
982847
530545
686048
969616
860147
183645
680641
967392
951562
529222
162590
557574
119213
933231
397764
391873
419323
336510
101923
446743
171863
708675
997666
273452
660690
678477
796944
908469
524010
377934
629609
761038
824805
416434
668236
529638
728592
597176
184735
100285
964337
836248
886289
291306
863315
455355
803461
875178
621540
581797
728784
595653
777489
550249
694278
530721
407206
207068
662540
147886
855911
585090
964180
120013
682604
355908
236134
686174
757869
493323
645248
880425
392053
738380
294484
581093
142732
396118
154085
639655
999576
693780
180280
353753
915755
666043
357191
702311
946329
266913
592599
665005
391488
558078
858062
462879
554649
656407
538734
130757
705762
889675
211266
767480
771297
369388
935330
655546
317755
446022
791414
517399
605696
980601
729641
741385
826606
399829
885908
603261
210335
838356
168540
334405
297281
890631
575288
733353
366979
554458
218053
835282
659545
852094
759701
170848
193057
721987
513236
468025
298909
197021
388513
797063
509692
565168
662460
118006
608962
726200
925661
271079
499658
110057
540261
942535
556252
693834
150785
949557
232754
771126
572260
106281
263615
882645
862433
765020
435609
262827
559412
156664
689466
428881
273640
330155
808064
773936
254025
459751
799805
532605
499877
492549
803758
161936
834577
394021
360237
495915
102867
498203
618820
699107
763497
237599
565237
856411
560199
365649
707953
236557
496721
365669
377974
566629
712142
976558
290830
143426
788728
796569
683997
425826
138981
160153
810482
135123
581980
200386
805796
782468
637448
732920
210382
783726
890087
686206
682546
446712
884689
390822
806893
467347
951329
520618
448169
186460
108054
359256
581002
507020
650625
672879
701093
344211
232173
738990
846242
264966
716553
338990
128713
771825
302289
789849
522087
727927
648964
897131
375519
922725
230228
951537
907830
235342
811857
849741
665433
650546
631068
782392
704526
895862
669574
157239
502825
857393
780470
627422
943407
722485
473732
318435
814984
631621
110051
550382
288977
440034
485422
701247
830528
211117
137985
536801
197059
167270
657391
879778
126962
454888
809247
461146
464447
878700
236481
852898
761559
717866
717534
975019
784136
626488
312012
536560
248125
280438
869369
802244
225495
601526
994714
764786
921784
289895
738629
986854
598906
887199
759926
399456
572793
520368
542728
543308
420661
544524
706381
364913
714483
718630
616236
915686
704800
424902
235708
785455
555215
526464
808879
431600
869747
233590
880732
400131
212830
129348
925674
954922
702982
693511
314788
722802
249491
724264
445731
625243
613168
205150
286599
406399
227902
408261
628390
435007
953324
501887
341226
593043
850698
446989
723092
483968
739205
524292
599647
532250
220332
739320
767622
253521
253844
377361
694183
650820
311841
294954
285364
642488
902150
316533
310304
209341
282481
568317
632803
467106
167007
238756
394873
565615
622016
668951
491829
803249
674913
910110
417249
243306
984964
541739
154199
581449
502685
129582
312554
698211
868585
484930
422950
567579
185284
232815
828700
407899
813205
861525
894079
528565
445568
934912
906216
284211
731290
685405
649967
395305
691573
515741
621794
998522
283668
365114
242855
687678
380473
362270
817270
825780
911400
119551
142633
380859
340159
587453
858310
890076
678743
479897
794615
360660
281839
173467
101982
584972
473617
919624
961490
409372
371761
240591
453344
723006
189446
873294
702419
610246
152123
657870
832261
888473
723869
842929
448573
104311
617516
945214
285047
583447
826081
577210
179045
872918
977102
466640
189114
680675
114507
398330
590637
791994
650009
443865
616087
446229
198773
670062
479673
963109
198817
332193
265196
221617
304050
589414
693130
586239
399892
414149
688059
627296
837841
458309
195833
874119
352195
404671
415150
209673
875752
361176
804918
514933
587355
751398
332246
875853
336502
822735
476666
213390
334912
334720
639605
145657
400587
211061
147672
946486
210394
281949
674931
961559
948632
605307
460521
123267
958524
474579
897838
581583
133712
362642
366306
941779
576921
296369
671299
369951
759101
933610
868383
735059
947390
801967
760080
761519
781042
884897
971114
591349
537965
124012
915779
609540
581882
525988
391304
326675
285768
915876
580549
792643
603537
549699
279143
490422
832049
766182
860754
985329
162207
573358
275068
186589
829607
505110
617944
348489
295643
551386
315496
285015
257924
151443
597744
815447
178988
502161
831778
576172
827085
753482
116995
481846
984841
760379
824366
164317
720724
173637
263341
207776
670350
708122
586218
276410
236398
618880
799604
515101
997892
784363
726745
991611
898916
214104
364299
267243
712019
499564
237738
579454
781888
199803
367300
477785
690470
748826
292999
830234
154445
673248
498687
310151
978208
583171
457950
956429
416374
841767
565697
220601
610519
814068
333186
134336
557553
250893
128845
574615
394539
398104
416755
305240
601323
265167
946143
787284
834684
242399
824045
859767
110228
598595
860663
659932
719062
520621
972483
361334
423391
689352
455085
971360
956672
568500
748436
970286
630420
191599
566091
935471
344828
238282
317993
944918
297256
150770
679235
775070
822343
737122
168390
988622
498619
440970
961572
563217
491378
230628
922311
680385
224698
164921
646185
946159
969132
640649
444385
341458
107895
802636
112981
231442
258676
986859
233543
326316
112989
608541
915748
275319
423870
697204
514136
348829
315567
954326
954202
911681
847279
528332
107806
660922
611731
412166
337872
524110
364792
453172
925422
473903
846364
473824
420605
521718
679105
114321
770189
120946
905323
476062
212920
367745
117059
276125
778131
663681
206191
700518
358044
354069
467688
535420
225208
255675
514975
761353
259060
969607
222288
169991
954348
987876
249106
393819
169922
731591
180126
197765
549749
507522
553131
605281
831680
619913
469788
683083
793724
359093
985327
464322
493744
633492
937364
584423
217596
954303
968373
191755
945460
970635
479849
942014
291593
206693
105023
596512
620730
981249
206437
881435
694842
334933
887783
680940
146456
805777
429805
219047
738684
760266
546191
232616
376341
841919
111612
988030
862605
156271
381371
787765
556468
968349
840677
669876
431739
514995
732195
713669
467074
807588
284351
990245
628224
817799
469197
911479
487153
739995
231048
247611
330232
152156
430108
182253
337959
718361
644836
222428
256119
212436
266380
482656
520032
756496
917793
493589
342271
995400
535681
620328
219752
691696
949216
917586
859176
938947
181876
856748
764923
231136
485248
637981
599851
307643
107365
292852
797848
442731
845777
509822
407653
723644
621959
900445
329557
932828
510362
369156
565784
185640
427541
464436
309957
852331
253817
452019
773304
590509
160626
956823
587473
921207
638264
602983
578156
302901
629131
376983
316831
600942
906394
928999
348834
295562
214432
633430
437788
368812
292438
872919
479231
242356
527693
277269
814159
391086
519819
321232
577874
709665
695579
503400
999363
659974
873761
305523
996328
672797
547350
143904
135659
477705
418270
743291
853593
908987
921577
812954
313423
238670
227194
330555
181088
706823
263848
790427
475015
338451
462865
306466
340262
325972
619960
275049
882387
391612
806375
110389
882319
817845
372067
140106
989787
617873
696040
132663
138949
129921
175254
629698
545865
160244
413899
745291
234504
499610
750955
383045
980147
261723
261971
816962
678933
874892
701249
740203
260844
376333
233582
227895
984265
895823
433052
783478
482260
627367
426624
367374
238110
399736
707381
665334
602689
651560
247106
228313
954441
295625
398989
607486
666878
217848
577678
530164
126524
812009
439564
273597
275141
313823
836397
124929
189119
866011
928683
432395
931306
111428
266941
805510
278200
801726
427693
235106
889325
112934
669715
610513
347833
476503
785430
388496
642859
315100
277186
880701
706113
934778
980602
914606
391341
694480
200256
242429
397515
365747
168893
662345
386883
187560
130780
165682
808531
500825
955617
927176
409015
603547
255868
449601
256174
513247
888716
472273
194865
671043
436705
414161
632976
969507
842905
469269
515639
232765
329178
428411
577560
172277
753236
569195
319160
739294
296151
352434
549350
439910
679446
188893
734693
355534
611111
144266
981789
921859
131006
318025
691470
361957
538729
899989
504373
466619
293094
249644
888772
622496
419357
901735
202761
561393
572706
838114
506832
908108
590572
893043
452033
941974
587158
880282
875262
595013
750875
321402
232062
215767
578186
189540
641157
852692
342193
773062
214024
703825
156409
301441
297751
682731
910080
972077
888882
922877
716338
565331
844222
315620
522495
171428
278165
438409
910850
924562
411792
419602
874644
577648
140269
442884
229649
981848
440358
489707
250405
581749
632810
481930
418951
542868
108249
720694
702670
197901
322538
983220
879243
518218
434274
844477
933603
476278
182561
171818
965840
628421
287927
527297
720611
476077
794353
728055
771580
376945
543068
838991
785153
987118
259498
462593
313298
717679
591816
677214
796664
501337
524880
458304
978331
164720
568437
630069
810976
480876
390589
885315
998307
760691
255951
976834
997665
459236
499356
671625
357513
932014
769711
295800
142071
795050
347480
601770
927271
665486
422316
858609
888202
187803
814671
797176
738667
458486
517689
693490
209347
726131
919427
383718
406464
927703
128419
286808
860563
711418
743122
890690
309835
320765
655637
715867
915489
554567
164353
521893
358910
184002
407839
785720
666406
124118
525131
491183
211826
165840
867666
279830
308134
190775
424377
431864
271713
840527
678239
939566
265045
176332
634690
970596
663100
352663
864166
893028
764109
822911
555704
976296
421524
803671
867894
174330
622115
922799
325608
873704
361818
405387
858215
292211
606864
132467
185953
170784
780266
965615
607648
687091
893856
927092
319246
504457
159175
324840
829060
209408
767749
623756
680137
158665
523952
845707
173495
440530
901031
896843
181573
764318
588620
973855
739595
355318
846276
250216
840685
364398
741258
213451
458540
277780
379803
