335628
574192
157291
202082
197689
155314
154193
811680
399098
996412
947778
452340
184224
420139
135698
833919
608603
419474
909832
616275
691042
869520
785097
360950
457691
286340
498235
931294
401128
150733
454082
583667
427662
896103
614696
910854
876452
402854
976940
260323
507460
664132
487109
213108
562328
495199
554514
265368
173915
562335
825815
774871
815651
614544
723494
477684
582377
466344
457003
901456
351004
638256
973906
999974
967562
703739
519154
226971
706448
933604
784722
597409
163149
219436
976733
307915
822525
653254
290004
993406
335254
601525
400591
717761
761466
831965
182825
865312
370252
381859
633614
184026
184479
777219
374495
134781
702803
369014
800983
203527
567427
498943
415397
187340
800461
697129
391538
927384
386710
142592
518980
923153
302910
596280
583839
380749
614206
647213
616025
113856
295209
887646
184123
279297
357253
765464
847899
795570
733991
299939
927385
469252
127110
954999
461233
437555
839464
926621
249065
381654
941881
961665
330125
712568
322070
727792
361753
929543
196737
177060
714557
482470
502476
299250
202544
766858
502731
156656
347089
560256
534172
195958
174027
224445
849352
692141
917932
291344
499626
553109
980508
733899
451802
634372
289834
747392
466104
964643
680919
154907
574759
595463
287060
423419
289036
873626
135081
458268
232134
422455
865232
363782
972131
195796
393486
579216
652579
794357
950589
604081
868832
528266
416112
602935
183640
586644
789266
728831
944422
707255
681115
820052
548635
601868
451508
947212
165067
555180
374039
445629
380965
981102
877543
139677
773462
724495
478736
183429
873196
954227
451906
879032
448327
869406
441640
757180
528107
557170
576492
513681
129481
134186
336242
589858
393179
739494
154700
985421
694449
920374
436881
197628
468769
210540
146077
399456
686786
358567
175646
839528
814965
681070
881991
434501
774091
643777
367131
961229
615117
105181
356926
913145
477576
417771
997112
782412
328500
436653
590013
203784
167314
569591
863930
589455
565602
257677
220200
362872
510699
371466
833488
580381
767167
879811
610276
581432
594790
802865
565436
827681
385296
780223
757219
203528
193383
340223
986190
276737
332945
524403
149960
769746
998603
292228
846285
692988
646453
284367
813356
741155
773339
908142
925284
261272
500046
412956
626204
857190
260976
477215
150165
376034
492332
775097
468859
971295
260516
786180
256858
526107
738199
298147
777221
323873
691826
259886
648051
887728
837689
186750
413049
991698
988172
839162
787174
307533
293643
883545
531277
616669
542895
114712
236872
750546
107474
671381
973474
173841
448665
685482
336172
478719
861305
984132
976259
903857
411884
901346
748004
100379
389752
407232
498574
162667
149888
245644
733983
147956
330174
739378
781537
739723
941206
375149
448030
202421
673877
382607
987857
345596
488256
403327
653012
109705
118592
587991
770094
615281
659543
388671
671315
404616
998242
222010
384710
850443
815346
909503
135051
570816
567748
129554
804934
949258
962971
101496
592721
769817
961362
710344
140758
635875
935516
604230
499597
157874
472757
872027
649912
624622
169700
878693
247760
656514
930760
139630
617770
136379
722962
550446
127847
471230
930342
241418
847643
580437
171539
442487
106965
547325
996143
301694
110195
592432
270451
754113
141988
357772
777637
461972
449595
582245
821523
567214
433010
242612
895967
712985
996878
204768
787041
358413
838352
616014
621347
214857
794623
895497
210089
813101
104697
325262
103987
621869
523306
389752
813312
126144
678523
965114
800331
817250
806399
143721
366309
432789
490866
793364
808017
155482
695066
270969
677424
266481
559689
425394
322830
697012
858748
672097
482032
892800
745447
259541
181270
459940
864142
189574
335123
318977
473631
685507
154407
833266
397719
314410
598901
903194
954676
110961
337462
230139
481200
891795
818266
700646
607015
306419
836606
626992
740277
408493
508264
300910
138667
153969
397345
176193
212839
173977
290559
496839
231546
355915
848110
381917
493286
787227
480606
659458
680325
580217
162970
730211
367484
356818
697842
636805
950880
469373
802354
460199
298093
836318
212187
619772
481291
138663
582157
374061
138615
834205
100355
551611
218715
543452
543587
813342
640643
135993
213263
220993
500888
230556
704184
759393
296614
735757
692965
171070
998755
655945
648405
852134
185256
138389
497661
880258
355015
546099
894570
291698
398542
778150
781079
336591
429456
894490
684565
405470
470920
318995
483651
570539
158548
986697
705622
262335
774033
599567
206370
155319
532324
243139
508867
720230
390991
781608
615722
306295
862860
543223
375855
109419
270718
144620
107285
712605
119236
984250
180779
715615
313460
475643
896320
635559
173353
918964
923611
587674
774018
707433
959221
664172
429156
569479
311631
848476
179239
845444
100683
786989
341419
757908
393737
813679
277668
762888
532993
908243
682694
882742
499942
303285
923976
666848
905136
975870
849373
489607
763931
630978
824801
890177
354322
387438
837911
345603
712840
443545
760017
890170
734928
919449
575790
318327
709244
331451
128638
783701
916711
244762
414018
185839
479983
123357
843199
330204
337688
210642
464774
520453
322269
717235
606373
479730
755364
523108
999548
318180
925965
561479
143191
305725
692805
190412
242514
490994
582851
905855
197450
295405
164032
351697
246463
295530
741124
336708
675700
878400
239054
197248
636076
806993
918731
564893
885291
382634
350870
257466
368494
481766
150384
897626
718745
978768
116675
359167
851433
692538
230424
952039
132040
658886
963827
625763
786416
454720
217885
528846
558964
683728
945451
380505
560382
393574
764325
330905
830056
272997
149393
777981
434225
875523
912839
760158
370068
916083
326151
306577
340135
886668
952938
999189
620061
331475
906940
810139
981172
468745
397368
436084
155785
858425
357036
733582
108063
328353
315330
188304
734090
718726
759440
200703
290733
434446
356624
195684
831510
356679
528656
413791
681849
543300
209826
174181
370146
223817
459186
264645
357173
721775
781369
999069
103242
266791
630111
838101
227926
397092
811074
905487
471117
672487
140734
566654
916594
713439
971117
188532
510333
911351
895206
465705
862398
195523
302960
266739
750927
748833
316764
643604
885869
379321
162357
243696
974776
927130
793726
119413
358604
329686
695345
786601
582856
405293
987244
164424
649322
873093
837001
266052
412779
691778
410237
556720
508527
378693
366195
212715
324118
253054
598904
365892
455303
564025
623955
995840
174195
635355
327483
848392
498659
557711
852024
111040
661616
695033
262319
987325
829565
292103
541420
796733
724726
202343
255622
674541
942350
603766
598984
122948
647938
258319
856469
594498
500222
711368
731609
853194
614145
961886
969956
601791
105250
609278
682758
822448
361069
515582
299398
687166
366077
101931
464820
375885
917359
974462
443567
389355
179604
653599
261562
175236
777891
919250
547478
889579
928505
780631
712730
201172
175652
619839
249010
157683
245643
654466
161464
309108
517953
552855
324957
162827
103161
265927
517680
169350
207903
778199
879489
573048
198021
285324
925639
862298
324844
385657
324680
297003
703789
595988
296922
997446
539734
201299
747758
194372
700725
638823
712001
658465
767915
128968
768234
972569
492503
628220
152490
707361
713470
612358
175129
364537
154337
459703
760602
129128
533430
457283
198664
632774
801428
993423
365594
336183
953394
164956
869876
443132
773903
889405
572835
797956
534526
277438
386833
747329
192387
559160
240561
113249
122774
295409
599839
393620
954543
224653
184411
160301
695196
726564
552905
317841
852773
918819
832474
428233
614780
652122
641310
528657
192645
598175
484042
946444
269777
807853
587724
756257
957282
712989
369432
810488
823745
156325
641953
145776
132565
820596
455381
838755
657754
386260
121807
798513
745109
815118
579699
745758
911904
544122
909109
226125
232569
835463
897332
620414
334880
143832
392089
955793
395236
574616
635804
820841
338719
533490
842592
836261
226193
659763
855803
893188
418089
357896
533830
635888
789157
674281
836884
969196
133516
766306
563040
824524
615859
151472
507302
498862
947787
656312
449560
371084
459249
348746
898603
170215
946455
289694
786811
823870
526945
882825
455056
607327
637095
265843
542212
558354
177453
342843
468801
556718
876879
667646
913771
346184
680968
670713
875903
608533
128907
210064
665038
507751
659686
255073
513197
126491
518685
960945
302090
727952
232922
888177
505893
198211
807685
209876
335735
671379
696417
370649
757707
647520
658450
986959
537960
488064
949403
824832
316356
767728
701590
550992
361949
633184
802930
440101
930769
423813
640110
685380
870682
455399
744693
844149
167982
147464
564428
309682
294200
227581
217615
402225
538552
964258
789571
284350
368152
830198
613568
773443
505453
289016
123156
828512
805148
165626
597958
832109
745775
846529
701609
862858
606160
276404
898223
394731
280984
363271
197450
125791
954561
875358
291795
478494
555849
134116
610161
499805
804786
796409
386458
217961
881050
924032
907235
660167
950429
105149
989548
880227
976460
445679
651414
651702
189813
215451
762391
768685
804961
689384
407211
842689
999641
731484
551305
426950
551041
431779
404770
641461
821687
185197
613517
135454
434185
146242
593398
569525
547257
517560
973241
160284
913492
128962
214690
461691
959324
725914
654527
724223
660836
544971
610250
585762
512851
106231
368381
660298
912441
226993
740219
842375
401659
372314
366377
690917
895404
221888
184182
986082
448276
638447
166268
355610
925278
301757
291849
543276
177486
938608
277345
515077
309309
952440
160337
971109
748901
841035
939514
192585
522232
355523
537881
953087
635828
391102
618814
225572
676938
598250
121677
677574
736749
128702
231943
358601
364698
511552
600003
489640
292398
212658
127144
757204
197404
625878
329197
933860
675092
748367
880394
902997
231051
270270
332782
901660
507323
254095
604267
998581
675287
452906
140420
640128
316304
829877
382712
585418
214504
188603
370630
159867
205019
958540
825154
731930
314722
434603
941479
973163
282484
757946
244494
305615
660668
787703
362777
156572
691584
673752
905973
750802
539350
475978
404624
666703
731499
183425
735857
779924
603616
259614
547750
261889
251366
495049
187103
786208
704771
776527
243877
646637
737152
333226
314552
818636
395751
956953
834493
517448
395811
561078
424613
926646
743371
638108
734923
307392
151177
250903
712718
509474
792687
976210
521812
445525
630502
789899
800303
254232
714257
278382
948068
770296
605250
846080
950104
193756
514573
231190
256439
597168
759792
146727
811284
687420
941653
150769
362268
691375
102664
535252
998353
264292
464374
175107
608257
288543
655597
266922
645701
797342
107547
203996
614592
490430
736660
360823
274911
572034
347194
489214
771483
221404
702039
317193
876268
110794
427892
665035
949206
876706
390410
235260
289015
562407
472846
763320
220048
117153
466695
596211
565500
573755
741191
788896
586196
667162
454343
462090
884399
247121
198377
418795
491122
183772
678163
433039
779463
390959
147999
324045
336999
572216
606341
389028
859461
102751
647088
966761
492387
520319
822050
184811
721657
156883
291128
993541
755348
277201
424131
908430
403332
997796
990259
640948
606756
817165
584063
520114
112662
897460
636769
587889
979697
184501
532640
387272
177513
948997
897261
807049
875966
111776
865857
103021
869990
981131
448196
389190
615014
379790
534672
295628
401577
976986
969775
191312
400110
394029
367035
927989
150087
346490
842432
759606
473028
337835
272508
667225
682529
590016
747775
800458
818145
205360
369446
497600
793451
136169
778176
692358
500902
924248
213993
997002
913393
127117
688635
902221
260842
839949
820431
813175
601739
408780
577819
780858
325158
275421
209424
501672
487786
465169
986702
878121
824203
585500
205618
746441
278212
312561
442852
811938
816445
779102
491441
511721
996636
220637
595302
648020
938153
357537
518795
914210
327087
117953
961370
107934
977356
662088
665696
684204
292185
264698
551555
278879
981786
715643
173299
187286
640466
584604
796602
276790
437637
375217
605118
950505
454787
666985
471082
912300
162023
923202
795006
652161
771990
344167
173781
596067
930877
483549
513044
248462
633714
796592
179972
336300
335840
380670
238154
824016
214674
684464
380825
535702
891111
383876
933005
229429
930660
299074
895144
422423
674900
115962
892995
810664
285946
153679
788969
899473
193177
500498
532406
619205
386340
101456
999442
583894
127510
278179
565612
897193
410172
199822
938271
618597
183669
627547
780707
125887
606383
353904
757450
261511
831973
495378
127442
650604
640165
541777
198780
676812
286761
638483
303563
745893
605602
906657
785011
456363
152718
897231
613045
813341
777474
293039
476048
677127
723799
367709
119188
909913
804482
265748
200001
445195
722832
918510
143316
936211
540826
373311
951213
496149
934780
330610
186245
950989
132079
477735
472358
169443
345721
517223
744295
310690
599573
165574
124123
670816
826877
320608
446153
229382
322282
615225
802375
757855
109444
974458
236115
273874
521488
800641
811089
137441
862339
808459
842744
509800
368164
348075
305519
983199
615656
722391
468112
358191
810462
267325
134147
227936
935003
177021
368867
600342
815185
694031
620533
168602
704171
293968
595498
903790
959196
218823
218279
804581
664298
947716
790972
941702
938557
781890
981690
544273
500262
239461
277462
235845
183591
441723
606104
937943
458320
723861
319333
614861
575885
946079
736472
495139
236749
232310
660029
839994
561077
536560
367039
677729
708461
170413
966883
474407
394707
538179
417059
966219
183587
970782
317632
553166
949716
413616
816390
403358
330011
830743
476098
104256
886276
384684
864290
652931
438785
869565
626539
478464
303939
488919
160850
702411
567648
741065
673047
486195
983502
293179
606679
632810
320076
697115
727904
817141
706602
341076
410137
887493
931491
712251
707227
260470
193519
510401
903766
561065
635463
331512
487103
631508
651423
209010
799870
752145
945865
482853
654007
325905
676257
609125
856016
609836
373716
534456
239101
203412
609890
815230
161470
331066
781895
350745
778587
267523
111682
420586
946867
340835
964359
219115
947861
818172
794897
537870
219932
204685
120279
927760
948772
456999
526373
753978
225969
667018
183559
664628
674434
504546
956810
624798
184746
240250
758337
378704
375186
327194
437346
157656
689696
996252
187723
573492
153268
196480
723931
575793
341589
705287
599482
560493
651319
376286
532214
968956
227025
973143
430966
589242
158190
994060
728928
175527
161177
798824
269922
252141
422160
612361
839071
428273
800438
153229
576793
229427
306687
960704
940926
186419
879721
699543
868275
279014
453866
435712
145520
963461
514811
356667
596530
889664
702889
824396
238194
163013
356401
284377
648264
183816
311566
188056
804660
654754
721665
607958
652482
256205
679328
728845
283247
899035
601820
485190
274892
417367
960995
542837
978349
173139
413863
761559
952248
416292
928726
260415
295631
888572
477521
305094
911160
430320
934812
370283
581003
613578
843131
218788
786376
882220
140646
908383
191106
339715
413540
760209
370530
819765
238359
534886
311320
223659
313279
718801
522749
123362
486162
668857
721306
268948
844990
612348
508044
983772
457743
440995
275310
926430
949738
854405
305040
559091
482187
778428
478152
196536
935626
333084
264369
132532
162508
738205
883734
979660
451706
101274
174703
101477
690238
952277
476422
321233
193645
445822
951759
230524
612047
552469
972369
218462
999256
389935
222497
514466
922758
296200
303851
949030
696179
221551
406364
381251
444336
814840
965413
588747
921652
187767
709151
336858
112740
227629
864011
960179
647267
168851
799460
321819
997353
259346
281728
445183
791402
362846
767704
560681
427595
533389
299878
384554
793613
836224
251956
633153
144025
264193
521059
669123
450611
984323
246642
157917
540388
981281
525937
186281
709428
454213
407569
631017
104896
215458
823869
829115
269843
530087
178921
510231
320040
851126
851381
206969
633600
657345
772683
922329
102841
673287
886255
271967
218897
611733
494239
473263
623920
793923
669396
801654
510999
172139
516319
484377
155675
497638
926941
567193
709624
424600
961841
195194
178781
504067
447289
744398
880429
771936
631986
224208
757144
870845
458729
471159
799040
264252
639845
957142
255896
393237
449693
484076
266882
850868
794403
130437
380258
335344
976789
174860
774005
815873
197751
117755
770300
631050
286303
741190
772639
359243
916332
670677
252200
394948
438559
601340
400524
715442
854559
782280
681637
956519
165111
671259
629714
313786
250906
261853
120271
121108
553452
793196
354536
645992
657694
679719
403485
742805
552877
181962
249612
456231
633450
747043
319579
818113
284746
333180
442203
422161
631189
682410
217493
758872
690075
524517
437906
988564
503301
224539
493782
445427
109643
409291
228238
928530
772477
863411
533527
743867
833272
845413
597711
357561
564166
604682
423652
374628
757569
686810
803790
733566
866968
644870
250090
654045
608796
437661
272203
247957
821675
608779
926299
172735
852210
308101
715263
925405
390148
754138
659206
732548
672652
423483
437691
364119
945853
619143
892999
838196
973561
765061
934606
228561
209195
741489
798863
955744
135494
753387
384902
688695
516325
781222
563813
367178
504542
444869
585349
890837
985001
930741
814082
242676
449764
929723
231806
518167
684749
490921
253743
654009
360491
444693
486587
464534
170094
780250
276441
806482
249842
311614
112125
611546
502251
898154
477885
329593
721949
856982
715420
713429
749406
358778
438726
649918
845379
897099
849447
830646
155693
829344
283620
622510
624117
577799
413163
578776
166215
530335
406450
253991
495116
146141
582250
329376
325028
134019
557606
152191
488214
917375
647186
715521
105592
592265
573851
323630
656977
208669
895553
110978
421339
245458
292227
608654
454198
332492
298599
518866
169831
875184
418616
416183
125230
923711
315632
470245
315817
246214
195703
370810
391924
877373
449120
193399
180726
804909
725749
420988
707617
344957
454923
289850
431896
400022
950035
989487
823000
671140
309280
364419
382947
743668
727859
136239
610985
140587
184902
294448
252254
308118
841615
462362
488361
611148
666543
785752
316019
676703
244081
243045
692598
825864
410250
838247
632331
464985
808377
555904
506111
755133
564663
755794
240303
687421
453711
465467
305108
111100
948243
761159
922756
480758
750656
557744
692367
983393
937524
664012
803716
130514
659601
285597
446382
258929
665212
354691
774310
441370
254273
646759
416678
116832
958517
541759
997221
377619
449310
560604
452870
395043
754232
596145
508173
911873
344061
483877
112508
619575
103389
988451
318133
910876
772240
980650
561565
123724
172215
193498
754713
426123
270125
454167
928698
400008
576889
368225
265026
447891
648213
494227
130171
496196
414874
271111
122229
610949
467677
829337
374159
312344
537867
647838
522105
842140
346274
325551
269042
159704
529844
386054
758323
126490
746273
129201
245503
755029
699170
751461
132091
360998
741162
284300
785796
785484
351002
742966
393856
761184
311273
796557
301757
650062
363695
405219
816674
381439
759446
248445
821102
192517
407931
238944
381959
744487
906818
952337
404229
509723
655760
102388
128634
554036
665898
181618
777467
335189
695114
935679
537328
826288
333211
922601
840795
571771
343864
506090
350976
936917
719502
744386
881785
483525
794428
334293
163427
275894
642008
420372
204888
558535
897633
388424
230049
926175
870481
186325
676810
181345
407140
655244
377465
356320
316875
665807
660211
411525
188102
136194
385897
567456
521665
182717
719668
191404
644619
344439
745125
441431
950828
645019
724277
392858
143768
638302
759728
595926
103614
201599
398232
117313
790870
492431
882603
930378
821356
785818
281457
912216
160495
617881
237332
829699
803419
736000
280493
701468
577085
592605
350762
910499
519533
801593
461142
640898
316132
262523
543928
957271
963514
390447
773189
449058
372808
672721
160450
102596
935946
627156
560332
943727
111906
718686
608159
623272
913940
473342
580873
938897
644091
506716
490842
630149
645453
241549
883643
874173
436488
373344
514727
149546
164447
997353
541880
521973
205345
532919
161842
778527
792435
546015
669830
826008
410417
270860
825147
913542
614360
533208
610462
431837
183009
902722
599096
830382
638651
454593
119279
579428
590110
629520
993192
511614
923543
597379
786211
782215
494453
793712
179809
884601
593459
106995
705539
296446
808484
338015
882664
868671
942282
961321
490031
955670
325605
943455
853927
328305
494206
676879
574457
888181
260255
260393
666312
127828
935433
407065
581314
156044
894694
954626
135150
857437
723256
955339
877274
245509
903178
354424
705353
322197
519624
910208
484885
727280
873292
351119
258927
959082
231119
740270
904538
660819
977837
667408
804163
631305
620817
261998
381043
999910
242320
565479
791375
204460
103576
312694
886566
122168
816208
571463
543696
904563
619309
301314
961925
630072
476547
849784
214071
433447
774514
908360
596738
446739
240426
368640
843503
578215
820458
441405
319184
107114
231419
502698
198842
840371
376023
553649
281827
776814
724690
606993
762212
351102
195987
368638
421344
874370
452582
764245
643946
787911
105460
222937
957153
650291
793592
622217
584792
471688
372602
293883
368682
543320
190688
220174
157023
227957
128059
865526
105393
892390
495760
707400
213010
479661
816683
485200
978982
558087
982660
694046
790477
544020
391848
831344
404117
108496
541994
663301
128937
833159
552093
933826
493075
810864
340771
340699
231388
347613
789770
732031
299671
422030
704423
401071
801177
847543
403071
580855
556579
758321
377315
363787
495075
951009
148728
133556
256570
623527
866581
976003
666740
580506
115536
586566
622868
316453
888209
173444
466995
826029
912547
592293
455413
969443
501307
790126
433643
128429
856252
680091
311151
801949
845646
525015
381990
648600
455085
874509
734649
249017
741559
572902
941890
970451
565539
862419
445964
713863
511289
881412
663157
805680
292873
674989
616220
292068
983372
291845
823126
794398
216620
859010
895140
147135
716820
964832
824283
483598
724110
840639
941529
778786
700854
416497
981445
940641
282724
896640
592246
690680
386398
886942
524191
267557
949536
438895
594293
478078
367333
869781
601804
419039
705091
494242
295841
649932
523331
315605
115339
495296
916387
454800
157736
528292
767730
483448
210324
130057
149237
350030
495798
192377
442918
939123
452180
782369
563274
337828
655303
400557
467641
125127
891050
366700
752056
850880
918466
487843
212376
248695
597452
144899
470989
816512
482346
716041
994094
456538
170745
355916
139752
383850
939840
207367
860966
826465
952944
844854
198453
534825
228898
561819
755588
848952
772547
828495
554301
989906
982258
649918
216556
262687
914261
928315
925326
491966
278282
997033
964253
729365
704863
230502
451815
796559
432340
732291
298553
376796
994674
780696
108572
941834
855357
458090
239588
213128
769804
550569
176893
101689
770898
665200
376919
129574
271121
840288
490182
329869
901202
450417
361422
409613
623586
372642
648112
203042
746220
283373
225506
711395
428896
738553
174046
640213
513376
431745
227717
824819
775238
104515
124422
284670
713419
310612
347876
199393
781513
120082
853699
435298
274642
990115
576333
791908
488369
316510
273842
632641
595592
361904
641526
806213
144059
858806
615851
983039
588541
338944
385699
369230
572802
209282
807494
773970
525100
909971
148960
106839
439201
754854
616009
906943
779737
175083
687085
437231
817014
712831
515584
955372
227073
544745
171474
334241
673617
663091
328307
409358
747116
364290
983299
695661
858351
303273
247769
139550
755200
441579
684970
370482
791477
237642
569467
337787
523440
648953
550845
809822
792978
796432
896928
275220
621374
640303
288440
539989
608366
902630
421573
300655
589327
383577
993897
375487
238867
678240
159112
110062
553127
282142
276594
882540
199688
615598
946945
817667
246660
649047
544087
886404
410785
630676
989544
945458
486739
397092
817277
369857
944981
461505
104963
801864
781036
692722
763536
466361
668911
138302
685211
454805
578849
165235
705606
136908
192327
443767
646016
433525
696726
142409
624937
605286
781959
679686
612982
131678
924151
704716
128115
676065
609516
712370
819475
678234
648921
436003
275084
742295
602852
807920
482591
554716
171224
299403
487929
568264
374391
857958
319845
742814
591999
954663
486835
611093
654968
256996
793522
294314
982638
999700
925828
887364
187868
180443
750128
330800
459360
464690
134750
349545
958319
720352
718118
714988
602117
682552
276804
704921
785242
188987
810155
324362
426486
638721
756822
565394
221835
620049
399939
801619
667176
449960
159563
181733
510944
625813
964723
195078
240281
532750
941804
421102
255344
838513
614956
326185
393837
763788
899528
301725
389743
266515
227724
702953
112565
679547
319039
198430
956864
663698
353784
462176
300381
930379
979828
318600
981034
855470
405359
390172
393016
287248
921853
855111
208189
619745
375782
135750
616552
238689
600815
405108
608917
934526
927638
669969
687897
752464
807726
960575
713267
896033
807638
640530
508667
224708
949526
206570
522398
826064
363392
195874
276744
222979
472598
246790
583887
518688
169591
295704
963438
777889
478896
861360
568905
764373
805742
341893
646845
184282
867837
635708
946204
763047
317985
120395
183727
687508
890735
576048
419324
402898
852038
997572
261244
444877
201562
646466
211367
942318
213604
778086
528994
362265
640590
419988
242589
947406
299960
125643
401881
303049
198596
588484
756890
244636
700893
783984
142912
903558
663734
543336
406135
399922
171599
920204
831818
995512
816108
193551
355537
601253
914004
638604
579548
912937
591839
584304
275851
255062
735239
474027
655251
757024
977668
341987
937287
633422
537779
133161
689228
460696
849667
737667
999298
221196
528116
821819
986136
134414
550432
263933
612413
896609
934091
492931
750143
431968
806142
291464
939875
955504
423622
775373
665049
516600
586744
174011
400907
829227
973244
602511
759597
715130
919226
952611
967053
830394
147427
803003
469948
202674
693467
868993
105945
487002
682998
781614
976172
363087
522755
853256
507725
293624
943780
218104
695527
904158
434085
178510
361422
723355
529441
860674
944099
773574
542643
357159
147780
817958
460444
511190
220022
503867
650927
276370
888053
980001
648112
530003
153493
772937
540397
545174
862211
437692
621714
163843
167826
465781
815624
811669
228488
290876
472173
719042
182196
114024
388477
449039
533273
549800
714667
983577
897716
447903
236709
119373
449686
930940
131174
336675
708044
223234
163363
935467
403770
557592
832433
376914
670973
281555
574958
323813
304413
893707
606377
245069
908496
602152
187973
220277
401332
946236
160415
963792
833440
452572
582236
415122
183114
917010
178595
762160
630291
938908
960493
774828
497093
676622
128472
698617
564134
789974
949707
300159
336481
356826
869987
714519
619131
456295
176868
664438
567268
855789
835544
940859
487894
311889
374114
845671
362521
294020
773831
935464
192535
385353
406599
864501
675571
339749
442534
911066
459215
872365
683366
395354
444284
877755
983796
370233
655717
137232
433559
520789
665322
147767
189349
490753
910293
190148
255954
474581
325441
106106
164808
344682
889849
736571
975633
384396
710167
491586
812553
600170
467540
624480
134473
492862
653332
619527
970442
332650
533281
438184
284873
745961
216441
670963
679076
989111
365923
371001
398322
451908
597599
769116
199452
645483
245954
899700
923705
375910
717296
670582
807310
735013
245151
619050
841611
265491
173690
644065
860025
421827
824313
847438
429772
213105
230999
799274
882497
651359
547237
488703
341063
114440
476635
614380
840644
685089
508474
643540
174880
251855
863774
834254
995172
669522
711054
178194
627554
782473
795839
993706
464328
370454
861963
340394
897113
228796
267727
400708
765123
824108
151960
107274
774372
898464
975104
275076
548250
803169
972985
870208
314443
990689
385296
957267
192369
230452
703946
957839
475880
836691
643077
171084
831405
908270
834117
325965
767848
874012
225716
345721
785681
344211
787409
393847
900507
470887
137170
312029
151324
514342
296547
460583
847755
434758
786033
779071
236490
968284
606314
673065
708706
272685
679982
395319
123853
276190
614172
797858
412170
401258
454395
193064
124840
443234
273760
911598
659305
676465
413043
652165
217074
788925
542927
126248
530766
334760
112135
644324
233694
534054
738245
696390
948810
821811
812176
405012
935672
504256
705439
512526
877611
820263
396292
936324
363530
547557
926900
538772
814525
856938
359235
635978
333197
612904
925391
140186
765678
522707
499205
117097
983461
747224
476770
260471
519569
935365
381430
751780
776512
179899
496643
975462
793493
755611
710977
213651
704163
904242
737061
694212
960734
315164
613027
215378
153144
590097
673059
595035
942157
263323
728614
278898
237546
281392
932898
905696
823535
895343
364731
244006
902405
480515
162391
645045
940354
470992
538296
972785
930945
633035
158967
877215
939494
201078
825944
238781
786777
296437
772663
401350
126603
819854
534566
541890
726901
791118
450717
352217
407100
906459
617692
338672
178944
625453
482519
398271
106913
372100
176354
209052
185752
136330
429908
742089
552536
266083
762574
600292
728153
700293
449700
164255
297074
542472
766403
666777
844520
769962
686653
196358
638679
314421
250183
897905
878816
256494
199453
453084
976858
723586
102113
270796
158345
980254
361990
848144
471960
189629
452203
660516
859480
845318
561177
205930
815101
628719
467439
152913
360918
877369
166789
926347
915486
979148
735415
753381
787778
312950
650002
557210
956804
838398
970632
862707
796817
237654
950854
925758
789191
549635
253971
115411
225899
851041
574647
371322
601756
124056
923799
142122
782115
842928
453448
631518
304025
589303
630113
526867
198097
370828
714982
377761
937720
406435
237273
759192
439295
293422
594011
361283
921656
671066
359206
353587
361552
585712
838455
197050
540452
433841
665638
779710
333201
624314
472118
656674
688389
825211
624223
727330
802322
809532
384938
925175
790291
249749
669373
204729
202126
291719
478757
836952
115374
529541
886251
536988
313087
793816
596805
512277
900934
886796
331561
331072
916572
601083
550654
207906
680608
568225
921234
857044
436763
480007
469558
606011
415085
477478
728989
508945
572283
557340
195555
921295
698266
719564
839673
364277
986860
586244
949655
862464
766716
218021
389034
605395
435498
654677
955761
527060
535520
579953
588199
917138
635782
942122
809257
706060
573684
259192
980553
331447
769622
525060
594710
562980
281207
155746
559781
472188
142100
330461
245842
242521
973670
791968
557698
320454
914413
382524
328952
624668
377580
731930
749778
666237
159798
110821
139066
579535
998509
371822
909698
849390
724843
215215
996404
444098
349377
651526
636736
382341
288858
631987
833631
456441
637741
199957
391140
916562
580350
869945
774019
829733
273182
978970
262146
586859
635926
257980
612334
645027
847354
785044
970227
834811
832063
498157
271921
235019
977692
419639
936563
958582
310453
597520
422570
460602
346811
220952
374319
778651
983205
326801
432375
146608
180364
713721
407918
574108
914596
903798
735543
505097
160439
762986
754377
223686
469844
581660
689597
966362
678449
786831
496917
468941
483706
848701
357063
976885
156402
171576
574779
295284
285507
438557
984857
273103
591893
699356
253363
299908
827657
687530
844645
936598
814609
311052
505857
244046
563232
933253
418342
267756
338696
154962
835091
310436
381316
861453
952962
776296
270242
615090
282945
518094
853415
934837
440138
154186
414926
916386
430208
603910
618167
908882
155519
286160
144019
528927
653778
626481
288526
157107
940095
184177
271630
425791
798566
892280
499047
688678
568558
295826
334948
297569
748259
977128
628667
901026
750740
281912
131410
767537
499379
533560
886033
578910
557524
647131
465302
278321
475908
152894
294285
312434
882677
109939
862922
846869
509752
550514
460552
847533
697164
239443
440628
261401
963823
304352
867231
105687
950108
802079
626211
318499
214317
321796
197341
362532
600302
132634
567762
281182
934030
756385
892727
537602
824733
293258
154239
608718
295198
218031
142091
914746
208287
707985
184645
627252
912534
802416
437659
609168
171485
653921
685539
299559
646287
753868
471068
839363
273802
232948
464815
844815
100003
954727
667067
111476
523726
767139
591399
879293
112323
138529
240497
209737
657415
377285
682327
994693
155545
304896
127201
680595
391520
670222
718718
349712
154110
580395
943005
870085
359406
356931
437518
830848
559181
340908
721652
222698
975622
863570
447425
898885
791128
375819
956158
948179
583589
619632
214642
919896
246753
332895
547342
333334
627972
407326
276776
314331
647443
166078
722775
171629
757547
771958
543657
956972
254699
829646
454217
607889
817158
116138
735108
144466
625707
316244
354376
973327
781321
535441
476808
604756
786153
562595
226083
745946
346589
716617
310382
619184
939627
628199
281610
738159
889528
211568
737961
421780
160387
323487
275446
533377
561963
483532
859112
705339
180319
199241
389390
612599
915368
945473
191140
666486
817480
393087
924564
440335
883565
355453
232610
409427
336445
231459
498026
757838
686952
582477
135766
366931
245141
143043
188056
661214
571075
621674
719441
734449
766125
292354
401004
659549
354417
754518
164940
602963
618186
425388
197457
304001
816757
434753
397578
247743
148328
339695
327935
433118
981399
157883
711699
342698
428449
758747
593666
680533
905407
767812
550948
847545
318795
756377
919699
628415
654411
782369
559084
918931
855234
972824
711782
929125
732177
212012
321548
994556
989898
805180
650115
630733
528528
188142
650527
199334
103739
324768
643288
277101
446394
637137
556773
959612
744236
350876
699962
577571
941593
625663
783779
403501
866860
602304
684680
367306
436141
528286
307250
470447
482671
535468
960138
609674
479315
225601
648427
212142
546593
121094
529678
855874
782052
980365
628361
428018
227422
414928
515774
256074
642578
662416
644565
521422
800912
242931
985808
200210
795515
644270
953164
468418
744342
770382
609141
369473
725015
466515
579463
663526
512289
942234
941980
578924
528902
144736
319833
332400
757919
149301
848709
269990
518733
981411
820471
844084
838446
458190
737462
577538
900003
428289
836513
284779
250238
963915
874229
163112
608742
850545
233992
416647
403172
457514
400232
182484
737423
679616
319914
654907
130262
777750
298419
334980
451270
930641
387595
759216
628593
143552
643155
619644
738720
234007
642341
951238
997339
312715
436911
820050
405088
350996
513686
370684
804882
953097
863417
658181
398925
993932
913230
393426
475187
362549
949953
424690
541274
574406
397883
640096
418951
756144
746137
424864
333144
902471
100754
549016
302916
298810
454505
176996
688968
477270
905502
640592
686181
983388
329075
989655
142387
714532
863826
249776
545083
753752
220483
307710
720492
106747
290942
948356
140885
177620
199289
587976
558772
149659
342571
407151
424978
485012
358412
551422
716901
770210
903913
628711
926312
303303
315686
731912
119014
453427
754674
934442
557647
866248
466002
844239
388829
312230
773361
774529
690295
743122
944314
691407
162933
870909
171365
235453
924200
147990
228397
914518
640383
244046
675776
576853
721511
366715
349454
319770
564069
298791
309136
151589
244332
137462
721274
292769
647333
788300
545707
672650
240931
279536
295147
198426
289411
793528
843268
157553
330795
987455
973318
123908
275042
735945
836931
278853
781577
733637
927720
136890
669903
712899
873607
468467
973658
794847
670397
540542
755308
804352
509370
760191
700566
585725
872413
879497
897140
754445
805819
815571
979237
187672
937720
134869
815290
521050
115385
940749
743177
547328
805087
747248
121950
259787
842709
803902
529117
398099
615871
913021
569088
837366
710007
752372
350609
121081
934652
428708
165116
578607
267197
140447
709715
484365
417220
870726
176558
586559
158907
271403
761175
197475
385736
288351
654972
746033
517930
683256
890112
530879
782461
227038
939013
609589
497222
537432
260908
366423
498605
749173
458990
546769
205311
789297
961087
653236
215380
740975
402187
581902
475239
296788
258279
349847
125972
968223
585912
774567
165123
380300
250963
217331
130523
534281
697234
662548
935949
659846
494622
558121
837781
164117
783278
825741
909651
505621
927941
973163
690491
602460
230584
903658
421810
285626
728292
658387
371861
562395
845769
302507
616159
425244
831213
526997
917250
818547
433486
114434
844783
710419
753973
852931
509528
726701
130808
634443
186435
661489
841519
575509
116434
240083
112749
609493
847249
791363
335707
309053
359440
350055
405623
236983
724072
506534
441763
636979
701052
492957
891793
648670
578914
764476
901057
342069
811721
380869
896627
307664
852664
874277
163522
709539
216645
364474
523060
197672
724428
787462
915154
724549
967345
121408
891866
489810
441706
539849
756232
337035
401083
272102
444290
987365
743298
810064
385752
808511
546732
648150
181078
797041
152201
484720
379864
913922
120250
681127
231449
151621
434859
434299
812054
241644
597110
340112
138615
528663
816255
613870
781065
148669
126365
219766
204804
877463
786985
879085
601454
427813
106943
456254
592832
748213
868251
597194
835826
160647
290568
496726
137697
108693
144082
716917
809555
887386
302217
984860
841005
377645
811138
342780
188563
456432
977368
459358
624541
702876
202600
442118
976406
521796
213051
663321
453589
927878
651680
140356
764977
468807
356102
860844
333664
652451
416014
910446
641152
881070
197850
169262
362817
796506
785041
348060
617768
882071
341256
573286
579140
150616
231532
710089
607205
563286
436572
490086
515566
330917
769107
386952
913430
770512
185138
281979
188282
845056
485938
894773
646781
882652
810727
152072
656020
683723
577645
397720
695786
612098
690486
791173
750694
137940
206551
952894
189857
335892
880385
764929
995537
176484
675096
542656
604460
970419
301300
134574
494122
683471
515500
794693
558372
589151
317330
653756
176229
217447
939010
558921
682124
459057
885471
508413
884401
102570
738072
582517
546360
954796
787254
541080
810830
299019
791930
420080
742604
476725
699336
347961
783569
228723
510075
727075
793729
340973
302438
219704
388042
102126
738418
541757
977534
415773
727309
282448
127408
691363
927515
939944
410250
142766
654481
562607
989928
200844
297372
980844
238791
817829
207228
336830
296802
967629
422390
602649
240277
854498
904487
213789
354301
267806
790296
953427
363990
241372
936757
924888
532492
297694
670011
579879
392825
652805
456287
342336
467406
415857
175551
638465
490500
498577
552666
320949
532178
831670
501184
229334
842300
326010
817542
534078
236889
783762
244036
372820
325507
613955
869694
950178
912309
665740
246792
339780
352205
343484
712598
221094
534391
376695
560974
672933
273338
704664
239629
250547
898278
379275
627848
917349
680472
914081
735052
379147
224275
436781
282124
509255
396188
599927
144650
616630
821644
720792
336982
761644
821504
103820
284022
720811
143674
476223
317109
596161
643099
792121
125070
364198
249832
108664
142019
568202
470501
134266
909055
191091
905712
269743
314652
930390
548758
791144
233684
298548
118212
387769
813254
314804
682301
972920
854179
682217
164368
616746
958008
730696
489561
422130
985100
345969
161174
369696
987687
572213
269676
549054
571366
593175
361997
371681
641189
791982
578679
410368
132601
667073
390151
517724
118069
322867
828994
374043
508167
491767
408907
355375
539866
353675
575328
792200
720730
857050
407513
166567
872071
596018
513758
686787
152429
351938
631357
871080
545101
725864
818359
999418
257730
765767
255201
350616
444770
156866
625896
356919
884769
450767
333671
485914
503779
755312
735945
656208
866475
789633
311169
918828
612437
330360
136206
725581
133421
220791
652295
246326
816617
889675
510985
649662
356886
837292
609708
769680
615971
326347
808148
422452
611136
970324
234694
747282
412769
118439
918381
507260
428821
387722
102688
216340
904192
760392
878076
354458
259771
479443
909138
120362
455412
414284
672429
604349
181960
887268
651662
148717
156521
182742
646903
993477
713359
311113
313143
773478
427042
547793
209130
575464
280549
413523
768710
712158
206139
110807
310474
453389
987912
327210
268790
720737
887206
496770
836182
452197
983235
854406
741506
425567
706083
345168
859338
423467
612587
222551
759128
477795
680068
256418
454992
100104
866177
657724
178903
682400
595108
790600
205526
998650
453196
967758
144822
878713
811465
239432
438455
322925
348924
577094
887298
199504
430122
145458
142547
692493
644880
549754
253048
582751
931975
515809
739122
585580
804576
481453
198983
900815
994327
175855
652154
375032
988677
167982
244524
757812
758423
500262
275149
993795
444266
313160
423640
345881
583216
453866
846411
778051
816925
604664
235263
528709
504815
468659
818609
585724
278276
324631
219576
138684
460582
646517
271098
729537
683903
260617
135080
172457
647948
526610
891460
530019
604803
102076
436477
293006
539620
389495
872599
847324
402547
299140
986573
735843
454967
255160
837558
625154
441847
793334
710942
675800
387930
965979
182069
442972
975163
125225
453352
117912
540798
244975
665495
477024
269465
295079
915918
580757
678967
208590
597634
820604
918889
535656
131748
339027
477932
607085
117900
280894
310630
766209
476950
283084
689684
570753
410915
206021
638863
809700
893639
274930
812690
903289
147645
976337
650079
548213
337186
721368
367316
791789
242266
587294
322651
483103
408590
788287
609333
873779
855037
434904
230158
118054
715878
246369
123650
187837
964313
205425
137615
332027
471530
872438
868422
622537
288016
853383
708638
497529
985768
348612
898660
388970
521702
678705
550825
847142
287748
308881
241009
707134
542297
987325
695443
954687
454258
855081
541721
760050
473189
687866
266000
317745
119303
166933
740687
246470
200017
361087
461705
233784
545250
824594
945459
910329
798013
454115
599031
110886
787561
168813
278091
806449
826844
797540
262960
528952
372740
788792
572997
596750
121016
381241
356707
378903
631426
984609
349777
317653
420248
887416
367965
101261
837519
955722
325306
382606
467694
839449
324228
503926
640183
643757
117962
748913
535686
174445
418234
404539
319027
220159
723982
780171
901033
279409
891018
170957
437000
437818
268909
751182
347850
940404
331490
575991
760529
230506
122176
233000
230659
904266
621666
303307
860316
762567
333850
982651
178185
362375
462901
541161
662836
734467
873904
370881
450246
304195
238687
497541
100060
635661
734072
790303
291263
968815
477460
443888
536514
846178
852869
572145
507385
480493
648052
901683
943201
566952
407336
463063
159542
217950
206547
895869
109342
329457
134528
441869
768692
989115
671261
433653
979209
699746
305494
136027
818992
760651
972215
285341
967749
657337
903911
570646
160430
934192
955813
243732
529737
475371
124877
760539
886859
389055
396091
597284
694781
125589
933844
230069
304754
963573
528251
838583
728624
748426
140754
809633
356132
704742
933609
412912
291456
322066
668561
860157
685235
305057
345704
597932
610243
151716
772346
639805
587973
246314
774600
328189
127940
873020
110466
646049
409535
335795
607801
538418
674635
784066
571115
516992
237741
380964
560122
444262
871021
540373
598789
828145
345395
273210
747457
425833
721142
827809
232211
402446
184450
937687
433213
274590
117281
710703
891276
698274
539384
769587
255037
278101
903976
170577
571432
960842
397921
417785
722744
728597
391910
781610
335764
520756
577608
186227
263665
471430
491154
442867
534094
858593
820365
281502
332678
275232
693080
192484
457126
682637
834611
142261
585829
881457
735680
969203
659564
986649
394214
990515
330215
235545
652741
370330
284054
452180
495728
669132
287898
768181
823272
699552
102222
351809
416873
321682
371090
668634
985451
990829
698951
570170
381632
678632
807051
346805
461681
901035
480428
633462
667870
992832
769889
357991
684800
923253
638841
450204
322441
381716
506335
957444
225818
661791
873731
385368
941631
923779
764801
453026
679264
963476
664712
749211
255771
414902
514099
211350
342654
170743
280242
342317
523004
878597
356090
175265
598680
305404
460522
832430
397751
794523
418115
194694
630615
986534
185735
792087
849099
554442
654455
671529
595426
400592
761442
423820
789197
569297
664077
454069
309253
267049
635237
277502
477244
699041
645187
762622
266425
640768
699846
520516
688002
860438
923795
831410
935717
382648
650571
323284
984634
977584
340181
284411
395660
950648
812567
753395
411245
263900
423145
664118
470433
430516
513901
159146
949372
561090
692876
773704
241960
315695
446046
895384
213962
882601
349633
368721
210099
167357
432942
529873
827772
502030
435205
357156
483630
421486
435621
135374
395590
340039
332823
728974
638041
591806
848619
777970
483729
230212
721393
586512
922009
157295
242528
623085
936407
613534
763229
835601
441588
198583
338181
610310
778318
801205
848246
350685
865942
769338
390391
430450
774878
769283
609440
979839
342236
858933
771567
992315
284959
661409
703743
328079
112847
942528
953468
734118
769393
363422
876660
986034
524588
936205
683681
784479
137420
351885
599986
928226
234819
860497
937655
872572
318581
651143
930449
799211
385818
866131
682882
216795
921417
207185
354479
803348
820127
509529
558414
357756
288998
466210
135501
977396
397556
494658
909231
203424
943199
652531
692676
232095
833817
170681
884281
387617
826060
844131
104916
223951
865515
288590
828930
430580
155928
479044
458900
484790
965831
146751
409964
287606
170052
791864
884392
867387
134032
385180
494686
367412
540641
839690
529235
397356
120569
910047
141036
457454
641847
729693
149353
879561
316735
153516
175542
970152
918426
271786
843022
462979
155756
137484
945383
661561
765983
532326
646860
914549
975380
775294
226305
393733
635856
631270
200759
609728
891996
671111
941101
367864
989150
462133
238729
729297
694711
869202
653750
946016
260568
911023
958556
999267
564910
216620
671878
817348
400388
571723
387805
813197
373884
476776
787893
593518
337693
922862
479088
764015
354804
895484
346658
863234
753321
148149
851968
953471
170785
145778
209445
676943
874647
267969
806111
811511
118989
387142
661818
182673
744124
453375
437580
917480
672713
275902
892041
649161
564798
248149
754014
414399
258968
373016
501733
667552
618456
226598
492385
872130
616492
211854
343843
965468
623604
259036
839031
248326
419208
332532
574005
883896
972358
731508
527884
362038
786971
664475
269883
603989
282733
825079
859987
204222
929152
318979
965145
286588
108901
466215
626544
557379
642389
329748
710500
481041
862738
401152
325524
763109
270403
494531
235455
975493
217607
837911
892272
898713
168005
808496
602734
729455
418447
926827
221667
941326
381427
193727
418589
821673
994478
426313
604114
523138
606807
971004
589620
369411
218618
216120
606725
909382
891526
587842
929981
581640
675587
470677
723853
877266
442620
647250
817592
404299
752794
227190
567053
548980
284650
640826
886178
261789
387006
742023
975569
100904
768360
865935
877593
402988
150897
480943
468844
604965
190712
294660
926463
668205
185668
139239
156258
553390
657946
630965
300065
421410
434965
632236
914627
395805
717271
251579
592477
337065
795437
669635
338725
835400
825087
649630
954719
310051
366917
121167
239890
411803
223614
996483
858678
258272
467437
797831
497927
412278
277352
671804
785125
318102
808528
915683
681006
962761
736179
425843
750684
789932
497501
856544
658521
416909
450814
922780
646725
789343
526026
248302
306914
330249
262405
918964
816525
629286
954750
799083
443177
533733
440765
251515
575850
934507
568320
132552
878647
342599
333022
412753
661926
182591
724475
890273
545549
131237
245109
529655
949313
951641
708825
440199
779680
481515
669480
737406
109729
740795
738879
450947
232324
488785
547734
688014
716599
158583
616939
753578
198966
841483
416630
204715
148406
595982
780555
659174
566037
910186
402230
224254
174302
665882
861701
761799
782253
630965
491066
644137
754735
758499
403183
486629
113608
685712
214568
461243
311971
139593
622886
775687
670225
144858
815584
242811
578901
439914
258105
665136
853676
207096
189798
277483
807075
200486
227046
863785
468059
649965
480128
570050
979925
813984
137536
154932
624199
657627
377131
474345
776431
246870
537188
126821
874008
176081
470571
398215
233152
528968
858953
841648
670803
139636
154439
154830
136419
334597
766945
767965
568819
411449
834024
225092
887095
894535
635429
668756
492945
798233
432309
455763
984533
246068
388257
527602
567359
231725
497819
937769
245006
542097
819094
728340
316373
597131
509241
170344
150200
938303
125581
530027
928237
892922
992284
424741
594352
387089
370258
407704
866486
690136
168250
588768
245991
252289
993155
356764
437173
192285
365392
569365
197583
798955
662313
572704
528057
452691
305625
255661
186696
604426
490248
254403
285302
907273
983738
616610
355014
754831
423302
410444
492693
807574
315689
814923
991928
759323
911297
641118
996336
643765
242559
292922
834707
810321
267233
123396
444831
826662
778905
319890
655122
704785
992694
831275
932959
866340
637382
930567
508242
564516
900679
691562
936478
151349
472561
384266
310149
837762
142734
243508
753063
535404
689671
555565
995975
315124
850952
770813
558068
951717
911579
832626
626890
159620
408539
545344
767197
721339
299663
250866
584208
284826
600036
559098
389711
169778
745384
257393
588586
418255
390919
101336
803616
468905
394750
159651
209090
625736
339307
747767
647690
221179
544406
626071
705259
156687
773892
788800
130619
666814
762096
650468
810391
991594
617103
901147
264864
370328
490315
527966
435533
388255
987245
156870
485583
114837
921971
533133
398053
661476
274450
666741
453272
691513
785652
613833
452071
158345
678786
392110
945737
869081
938506
158715
323279
801190
295227
195253
539705
471709
110283
492528
876284
646619
258877
882956
975608
230709
944231
223640
110967
398873
610876
490717
742480
729192
517534
804795
117801
943095
307580
854419
214139
902236
324180
872761
594443
289437
185104
736795
619693
850156
795580
606781
960043
730216
739758
900334
867942
148562
611879
590332
721035
269108
313357
363534
366497
204707
187138
187576
962692
635490
527296
281191
586194
199244
972713
984590
730031
701559
303023
649666
181474
102617
469488
816876
153848
433293
675783
948393
711583
822796
601186
390418
227340
763075
670163
730863
375395
334252
164763
357758
232841
910271
533140
163493
604896
887778
283432
982619
696489
224159
492717
934784
458440
539407
160134
461805
946113
687516
156075
441055
299028
978164
167989
644365
549639
290084
416051
614983
253064
275964
372403
993947
287153
945458
591987
714089
147352
786136
560111
357831
733153
267476
347350
593871
563375
677218
101612
277189
608824
154491
275463
969547
668078
817628
891419
496002
288447
549748
979001
854107
160170
656732
189389
756751
905437
600525
474603
597414
339997
734962
648599
629697
658170
881102
271805
354611
819570
299013
683262
463330
724563
934389
104193
634712
822792
506204
887429
235807
271780
637546
121353
977138
562117
687940
976896
542147
492216
137335
299878
207321
499711
177895
785330
490174
839394
291613
321824
220695
160518
894714
308147
207069
348189
979486
212265
953874
285561
527223
799079
940098
918685
465356
816478
128309
552695
947590
383941
419990
311435
189671
797694
391261
930505
302297
549700
393213
573750
448638
639034
940973
342040
497543
281983
472220
341744
885084
153670
558520
416988
942802
879524
621041
696457
371755
320978
542942
363559
636996
348253
759840
303193
171378
365800
621490
901862
758315
809213
939043
288271
476149
298923
205558
156237
909773
654279
464153
537038
739581
240808
659863
183153
291107
348283
847647
232166
531792
361336
397741
679317
138687
248932
600799
886478
130702
124721
880874
174117
687902
584372
631404
899567
504396
525719
660335
694703
536550
188226
495134
774887
291236
167751
576189
731198
493071
208035
483629
607341
899121
667524
176009
330395
233434
803404
696664
557398
333957
453399
575748
515979
177327
544050
129084
539488
361971
901219
259208
925758
390779
714201
877163
602890
690317
411336
912068
218896
947454
809172
818026
152993
641728
904983
117119
167171
944217
757552
761802
322823
320240
608990
583639
999282
219985
526131
387344
391459
140697
877486
294497
220753
934813
607513
645860
182181
283277
734358
447626
410355
931464
849129
377514
779527
265497
665949
119053
766281
529171
332416
748230
614871
384365
777249
694418
555716
880925
101107
301148
886449
938664
720992
908767
431509
846964
637623
721752
413165
875511
543360
706338
467829
538054
244107
612960
630875
984603
733099
537390
852946
456499
299748
514860
909802
771106
599076
516234
932807
827499
480863
228527
453882
771481
508619
143339
931006
331537
604613
200603
698883
503229
715480
617089
428178
665798
883443
351343
760898
287514
539317
891548
161444
852834
956479
185639
559402
193821
674882
522832
378498
367579
828009
305239
804366
182886
995720
888500
249243
682808
937952
177202
659362
235589
242055
699898
732823
942259
213045
947118
128730
357865
380783
328441
465378
539577
898528
404730
822842
668137
510961
563712
697981
983274
472567
766125
813066
764788
870803
483962
840790
237958
565521
371010
943285
838883
886892
756766
363796
284843
199672
319840
119825
115704
267076
767280
830629
273226
770508
769420
757021
444844
747116
536793
270701
930192
453650
921972
718892
304659
440919
184895
299681
988925
173420
848832
613656
549086
612569
463387
471556
188957
349745
179787
636467
407566
788575
634112
846840
333909
255655
484396
861182
598171
956488
644089
186433
129830
772579
870074
750830
921080
500504
541577
478386
685741
236026
154780
714234
257589
663867
347262
928967
361689
746329
708901
160877
283691
235175
541059
480500
292332
770201
422012
424846
765428
322056
948691
380361
125415
509695
442612
882960
359039
747427
408756
884972
639087
395786
910926
972967
681731
455568
681453
398306
654797
788955
645945
885781
400901
813649
100263
604744
307095
476583
114278
571692
836260
658710
493166
886820
375796
600385
614396
422817
763500
330664
362473
631359
238494
436279
574111
555610
987163
867575
700482
399909
473674
838000
392706
769691
484520
436131
837777
492461
103805
176134
655869
337680
534880
230723
645602
169904
882921
269185
113877
982591
891674
623729
657484
854328
727994
256990
949352
527657
505927
838646
958747
243837
135605
510586
687125
792755
584300
954624
254577
101926
330371
134635
258587
674220
458512
336667
215389
745446
909588
639438
510571
510614
273176
360066
460669
875806
563788
678360
888168
740016
863713
620770
762893
505547
359453
115902
229959
392174
262602
181228
229033
285025
209453
272149
408316
658873
428658
262815
410680
348363
332977
354252
488421
613207
543057
508756
753968
756940
494273
552081
961936
648455
194344
136821
974778
225975
762963
190135
429498
285943
657224
335146
698108
690416
690968
702060
846644
774539
612928
834550
296148
508516
572402
964401
904193
127518
947444
293063
411551
218282
231206
495714
328924
313250
470078
891128
784378
830558
308374
826693
802463
562513
211616
286384
888656
471395
559848
615736
394085
849497
613954
625043
201187
461664
980507
622671
236265
570353
918854
223750
177682
846691
803030
662440
929295
502373
314752
838254
166903
982933
959708
870918
935962
904151
184669
557843
714139
638634
156198
191857
365384
435446
179984
313359
354926
929391
691690
977508
551219
827153
370761
263987
187579
631109
288378
511479
862557
276843
320869
603912
521338
584236
756026
141935
683242
621747
345411
525249
183820
818828
388964
500780
881444
536968
238629
988832
703769
416616
932606
280901
431823
230311
227255
148909
909652
935068
744817
668507
615961
898397
192636
771194
323694
798954
720039
363008
929868
314367
648920
142027
543319
298736
329787
605125
746911
714277
710707
432052
163201
429045
876490
289663
389244
982663
592751
689034
872552
895288
609381
347605
158096
438567
736771
430849
864936
546553
598186
130809
964322
689437
620302
592998
853655
757474
119008
783524
403541
991738
619220
835253
205233
798735
224010
547437
855122
632560
964751
830372
669149
675610
229882
193373
266835
196269
231073
470513
436941
203597
790421
649154
161088
779253
997752
672595
576523
473712
284078
761219
952952
432464
687407
101568
512674
976556
253347
860893
376416
713270
611622
891948
446287
906091
595058
729204
794856
113857
718420
983850
141084
263429
914914
337375
249960
985975
846751
100118
175915
831797
145282
966134
758079
457981
887931
765095
568446
239055
298173
369941
350876
373361
327318
594140
186710
542944
349735
438520
678792
184961
653813
792394
951726
490254
542290
376065
790952
354090
343078
984064
733950
725035
853743
179424
837597
631564
910930
274476
418443
407086
313407
583542
437245
358916
878867
703125
726341
354812
236271
617583
836244
636644
646452
101537
915384
391240
449162
292598
861862
771697
301256
155913
633415
912730
339535
919445
731529
603942
568782
607281
893491
258607
117164
968138
373337
229867
196383
240557
989374
191144
784303
668369
256230
272408
444149
874086
769014
796946
564529
274375
350547
157132
399101
877837
365041
243836
641323
935998
326230
961721
761229
279456
536733
537609
671177
471268
316824
118108
465580
459685
276926
233827
241327
214975
568096
185370
344604
766499
485059
491920
706314
476261
365996
186386
670819
929822
618807
788727
594237
110962
157059
204485
738679
646022
548102
976872
493578
963148
149781
711274
121491
387355
548984
796514
761823
754585
750300
584930
998366
313348
710374
301669
173176
854384
180728
447813
833584
580851
750785
610081
824481
701943
120974
309168
284430
909927
253375
519836
477875
266966
673372
484914
576582
799462
706934
175744
902324
213159
305762
214004
187530
157364
628867
122574
853457
768971
514442
873722
290686
647686
734839
688110
797712
646998
540354
686826
288442
853191
351869
168429
104672
278956
688369
434922
928961
441926
114617
546613
479909
808203
492859
480109
705236
328237
340564
468160
415709
229602
354857
205151
596519
317550
732287
245219
651682
420700
702740
303276
498043
546274
479907
682347
830773
627462
369704
268452
257558
267270
302239
261239
770891
180980
777961
430900
308490
577618
547189
603751
987780
616396
886095
872065
561251
708924
837779
155936
765979
757609
797381
789297
536215
982960
900693
169023
306800
949443
981660
823029
260570
391683
564383
613805
622586
985741
891625
257836
264571
870683
971349
640872
970534
254202
711956
805525
433153
743679
412590
559370
555349
856822
833884
813038
543455
120629
499549
337922
527265
671707
458977
342733
556453
597952
137959
947609
875534
636285
552151
363277
270348
541639
924356
490055
635327
826564
518773
446108
326084
654651
696101
567981
720706
449635
797710
539758
645593
707948
164051
188740
946819
311228
297920
326161
484372
850888
754109
526497
883941
125010
482166
689025
915766
355566
667853
115597
249945
996144
276310
509371
743612
251876
392169
951291
582251
190408
948816
876623
206496
562613
227509
487528
965025
798536
336171
481759
838351
488445
882928
265422
536542
377458
725109
924911
451982
873989
629322
667435
685071
673653
862767
865850
606147
357781
209813
437889
112032
258679
480835
679540
984447
819828
555659
326775
775937
883659
432707
806329
154675
544482
472419
434749
549084
215404
664210
782909
789095
395319
703942
230540
952874
777568
519850
121065
911890
201730
588913
278163
483704
471956
271612
489056
491311
568318
749788
691630
401342
493152
874797
781458
163700
403279
183857
358811
639236
123636
931890
872716
275254
205141
475479
674003
860758
302853
766199
585758
328846
978725
418329
269883
701726
202113
579138
261892
253173
422331
415244
412230
861727
903988
328841
299273
403434
546549
896067
442159
643334
830133
436326
735325
289526
836386
766334
970570
661316
857613
677177
323052
912814
809259
994150
664249
108704
459963
682774
869162
634229
647440
568942
905016
660138
309461
625181
284582
739502
806264
924291
253827
885933
468739
847894
723960
545955
660544
761724
681655
919184
692486
899223
283755
166409
463170
838404
113736
639831
635258
815851
665831
839844
772941
651584
146438
426168
114969
170001
950850
125383
614571
656791
320729
451802
984494
379152
219602
129580
146543
933686
113834
807658
295468
969239
376263
415163
927905
255649
834326
314185
162513
236608
394776
297399
621309
219785
853439
383050
964925
330746
283727
502943
794138
347487
246722
796704
521374
512209
384011
618443
825714
390194
451793
335152
511776
279570
869031
833180
512725
131351
666691
189878
700712
251940
618391
485245
133738
680912
312626
820493
917988
505913
627207
318872
121939
797707
639482
706483
943479
467505
385765
472078
107911
290712
128526
620299
908935
413857
483267
888068
357543
916442
953876
535069
278594
838126
481697
653191
699110
487549
726519
882100
539590
370676
548545
358138
922848
118802
955151
165359
224757
429104
919593
675260
323914
770200
663344
266200
574627
834486
326972
781117
910992
518531
759525
412422
134390
279056
677062
559776
382469
234889
383183
822183
749068
969639
790592
625372
583434
619772
532512
217093
618409
533377
465002
653351
345962
897553
127458
914578
460428
417423
609620
545113
955841
860773
226795
354381
866294
440691
541736
496485
961641
927382
932916
322034
778763
336639
193849
629259
178626
360629
594893
490557
750474
491272
858397
345651
851860
446811
158284
503791
669569
627185
369530
859146
885418
311004
468786
453068
439212
547125
840907
182151
384283
354572
612233
980754
296416
580489
656051
539021
944990
312273
722905
562192
587588
323563
501528
137874
892622
254877
225377
670707
694242
956214
266692
773852
533104
393331
781333
753675
963610
806613
453264
435775
563168
533435
253727
880297
855883
861944
700247
628395
763889
945860
169086
950137
834261
715562
506545
751921
519073
700957
256179
162441
443661
897226
260332
349418
241993
872082
241652
717636
158410
516037
981243
665474
688558
525317
448658
199008
872283
827464
959895
480039
510802
243261
606134
243451
465287
397151
286916
701067
733208
393343
401568
537222
329890
545503
146091
999278
910961
717773
148807
741552
754944
394234
431505
242206
532123
980691
768115
721125
451091
552470
656067
939214
985524
765098
788283
446272
755194
921684
228314
315908
795203
466673
339174
965636
841751
273727
565500
765669
150216
289110
959467
502891
530001
929249
673705
388591
736259
716512
349572
207577
129674
868792
896661
855230
228764
304702
419690
919162
836096
455014
272400
998762
584815
818809
419635
337210
178919
184783
140417
934754
239152
246353
529974
316803
705288
654008
482382
454028
977968
400853
961425
469186
548947
674595
986468
806565
418298
822258
467455
319388
803721
902988
633283
907300
893251
519126
393008
772081
572088
321117
352977
861937
348909
759644
246545
863731
754005
892500
910608
550196
228736
844107
111152
548879
444269
343040
270271
875305
805541
296345
249208
438470
450879
425781
739290
801205
122451
721235
347615
741845
415490
329288
412134
167859
205428
304199
794507
691785
764198
162542
155719
712081
853304
439746
324493
952847
925680
606492
289181
766815
422460
581100
943865
123966
760458
219128
389310
785721
331562
410182
612824
279966
395338
233673
700583
898543
914495
658379
176594
262195
325942
705922
718682
168790
412101
470749
663964
691249
819130
844972
835853
106044
429062
270373
723802
340151
366018
608577
143354
857220
806778
260497
693909
303320
157499
212118
420123
913968
837727
722044
761207
413396
426630
803739
893576
198342
511424
535886
335250
870786
684531
215091
201477
574056
888735
220926
304246
644406
958697
175076
371560
627930
887080
414597
526903
502922
905857
925953
755476
533385
741803
389291
641811
160598
420513
248531
686393
869158
672232
308409
933178
338108
255962
511540
751766
454406
647723
735078
214091
418900
695747
960205
276981
835046
730642
745553
515866
463529
755454
432162
443532
590649
442839
531903
961792
248258
737349
969148
964530
804300
221393
653302
392241
890820
160846
700646
457208
670949
821328
507635
631429
182662
168718
611652
863584
223114
785475
348303
892942
754142
609105
210058
435250
259169
282052
864200
298847
672218
495458
194282
560457
502875
816603
450228
743655
559854
284117
233745
172296
185042
770151
883126
119910
641491
470861
450831
251458
813100
976342
387458
344153
544009
121119
743051
862623
452133
588099
322875
982332
447754
175215
922927
344113
918963
876632
547347
471827
935202
618348
419967
938298
995449
456795
223795
744579
356708
826060
704504
166045
412874
917671
338540
197628
583494
642875
644088
694669
944784
105297
836052
836276
588896
115512
981982
222694
290437
179895
462498
328660
258129
531610
554576
177129
736654
248389
794507
998561
678561
569530
793532
711467
777153
132224
642445
776733
459896
691410
192992
177140
762989
228309
194537
209687
382204
702867
274960
416222
789164
882013
390594
311196
874392
860456
440955
921315
841404
670321
219609
860405
833768
491271
284350
919235
810713
800642
616657
410671
342809
144853
122732
776717
638009
757156
686352
823313
968585
282211
173345
242030
529799
972401
375682
929775
588227
524842
310755
217405
782842
521034
271069
723984
982304
349090
495931
159213
616666
836196
467512
919654
473088
134885
917735
371136
995531
621943
815279
298242
240019
305061
984549
339485
670286
640895
651200
924583
640496
952793
375741
898596
834036
726219
142127
206315
747924
691090
777843
847931
206417
491126
380083
638339
144040
959379
292236
764709
535420
130207
998057
944635
343620
394508
123414
627514
586116
960686
232733
808752
984009
217308
117154
525925
340335
766567
572222
420805
376667
716077
600936
176077
637225
852774
217824
791594
402430
784356
830173
432346
881891
777727
765704
340094
191304
475033
984864
382507
347531
794128
735630
100198
528553
223900
823953
411346
744175
865073
352515
100215
467411
361690
279390
704992
576270
434142
967499
919029
712005
962361
791614
542743
519865
818367
600852
286141
456784
694040
875357
900926
504037
317416
829481
926375
934290
152441
374295
898591
422088
247224
504311
783407
695162
606627
266953
425976
710778
878227
545251
733646
593155
735871
394188
993235
849251
102549
131373
831720
896306
129180
246894
205342
792052
388906
462308
807717
198571
854001
374783
526854
423903
641841
640685
498290
207976
506745
341605
691305
129315
986803
764870
834476
520543
721092
552858
829535
282610
169439
336432
721182
678942
991821
644554
529579
412949
533215
982023
485445
577890
484687
670181
559154
979693
634334
248734
284576
834509
657984
928634
652971
157356
410241
850676
827445
649514
542319
908394
562388
161900
672224
934640
163386
506173
557815
623137
129929
729377
216488
723984
848685
374070
133820
938217
719364
561099
573343
930456
241303
486244
161010
546108
267840
885062
125408
657287
574430
338403
210987
366544
305768
686224
252066
206974
216051
261256
830458
106708
759085
944048
605636
713313
232182
967738
771948
411216
424364
887753
504363
599936
360008
774886
625085
821758
294670
409638
215231
251713
705288
278313
344015
477397
506721
265473
707665
241004
730357
879482
969529
145801
217796
719653
535402
560829
405189
972382
356115
809940
488602
411260
583796
421716
474115
486391
407038
950574
840024
296372
191914
540742
891238
462792
181274
663548
876431
363351
961530
828899
782239
668536
430387
717174
863134
432233
711418
776997
212811
488017
776898
954482
269894
832842
577780
429553
283845
217583
808355
936018
155871
935632
959931
755687
479153
887743
365788
926335
916982
131853
800235
595389
531228
617328
288291
762866
263518
759456
762954
423568
308569
704700
921701
164832
934148
761840
162375
369228
120314
716101
510324
496350
568821
161211
989416
752551
683094
297279
998427
128882
475719
369173
450774
581879
220938
545319
994549
766477
551027
700494
618048
346666
454990
376991
648262
697054
421310
345886
266636
427768
880014
225751
575667
839668
524795
574440
328295
186818
939456
723069
304610
559717
196366
855244
636638
143141
921220
198769
975894
560590
111239
707418
664818
567982
769243
811723
988042
409557
815078
862671
734448
819908
693433
508307
681969
671717
682434
881038
802069
859546
254001
627770
235266
235321
861527
680359
977081
954471
741589
870867
694009
241783
706358
609959
205567
146584
697853
329710
365378
266046
548754
105521
601923
939912
788976
596847
477663
474043
687108
526709
631298
691480
940865
944495
358958
829519
227322
295874
822379
626201
383415
581829
578783
908882
253118
726744
111489
672732
547606
195843
704874
704186
129759
507126
597634
192399
281770
814791
427128
116175
574898
947777
622036
504830
617847
984508
111108
118833
645706
318882
509740
541906
523230
248041
319104
128285
499494
816987
794475
112322
194486
877255
440867
826970
726011
248807
958595
432280
663534
387212
578850
215889
951271
235541
799413
428712
922518
383118
736410
130155
525266
931230
558451
548722
131154
208668
221841
596343
486240
679306
480514
265378
213167
420516
453982
417071
427797
989634
506708
695145
451982
337006
948991
994168
235594
130711
551875
586521
167772
307644
916166
155886
412593
594959
448237
303015
401427
891224
656061
472011
404913
778065
322076
576345
492908
475409
362645
887068
621697
203945
915263
804970
248636
214126
173625
286109
554669
657068
999907
924074
554945
453542
280347
981252
817122
166624
474468
277103
856693
641909
987946
540821
106877
609810
135284
342649
427173
440804
172482
943675
535290
138265
917990
716932
566329
507535
294934
322540
613398
652109
193430
902903
348854
311514
886518
484088
556881
341037
698437
776288
132601
899121
459780
346511
722144
216323
933251
445529
228286
981163
201399
237577
677094
111878
101618
409852
478588
444464
426157
771355
225844
429358
741758
116621
675591
465314
956364
618179
941370
576057
847097
655569
304748
696432
795280
438104
991343
261967
357074
950439
477649
468835
667157
262897
734641
726946
567674
932062
955147
753223
341173
877194
413964
180326
820953
228601
478982
857047
883920
638428
101118
294327
688349
420806
642256
416598
612354
319668
174188
581585
294172
291312
200381
970065
209777
945514
966684
326225
466310
711750
244133
197759
744771
944593
263733
881706
722472
248794
227639
425559
512152
227370
467981
559042
686000
110756
705584
615852
324216
867610
142668
526044
170303
806851
245771
543469
754740
349907
487576
969359
511992
344306
490580
732661
705833
749754
412565
834994
940314
289137
341157
457485
797797
926887
629244
787920
607097
465087
