859947
200040
895089
421404
901192
910884
309307
650552
881494
716163
394432
365342
742717
312061
139137
652364
461055
148671
193059
477847
414201
819104
920874
933687
804499
623596
813293
276234
478556
245844
244035
863185
690894
403796
775738
992428
809805
163071
928124
402186
898761
641327
540976
265763
182964
975239
215468
913942
676886
432179
387032
466371
420432
972224
535551
882095
187477
410033
646395
516176
588521
382400
421889
911512
383806
179009
191506
356751
806687
979656
244655
393492
467500
443714
941585
537020
870297
275966
598529
712538
642132
295030
387695
229790
148241
707682
183731
963515
949098
303509
848608
607338
424640
785073
981411
104981
272080
485929
239021
797299
835436
738764
450046
607708
626902
571271
192208
713166
669145
354634
477182
506681
839684
536940
427885
673362
573671
868418
309162
143741
310719
114661
845306
643928
157775
380824
691446
290946
854950
107999
464942
698525
430796
126313
390128
549169
905198
415093
889223
452055
654420
969475
308002
223598
844040
354613
933692
393078
496388
149024
385463
725625
904913
864492
553605
629421
336788
780104
718365
343684
388352
240508
823993
660450
847766
202214
276634
325543
276016
929624
880860
613618
443883
716275
765389
268811
216613
409255
240930
395858
767736
370487
570026
785634
952925
382087
324950
470078
697206
255081
273826
220862
162510
770700
925243
717585
697434
391651
292018
962426
507621
387953
707329
168920
612553
522130
293914
739243
890083
601912
848126
863712
216915
256442
885742
416544
540911
616689
913008
852522
761156
136368
777357
618932
687711
623479
240510
883209
354601
250292
783048
539557
285518
251185
353319
613640
684955
222352
743823
214044
862026
506172
791921
637181
732909
644623
967805
742600
588327
550660
638653
730312
698424
728070
456241
737375
862969
632064
852016
314590
185638
779983
942951
610546
683847
610149
112943
708856
491942
691330
501770
542842
353233
447026
477211
595029
295620
220516
382303
804621
999338
848402
552460
534174
446198
653086
387123
366020
967307
911750
482854
927862
159940
193604
226197
955321
839780
222842
802376
119838
605492
155476
759522
883834
831834
221736
863664
724975
100805
190344
155096
333813
370631
626323
541447
974330
565965
295729
926918
630331
830524
391132
461403
969138
757002
607019
274876
198741
551169
398837
447780
555565
841526
941154
444582
855664
397623
295289
431421
275350
145820
270522
932470
377758
389956
549765
399841
112231
811108
168647
590514
470906
207228
106749
853392
214599
234457
887468
160112
567117
666804
344314
754757
382465
753158
592303
173695
823450
631456
873303
625121
473630
477180
768781
375566
461481
690589
770299
179705
719648
612541
990720
908133
491813
770173
456876
939748
664328
755064
364971
881023
304368
223508
983969
441939
128526
737504
918268
888182
488931
208502
538985
807684
755218
622733
647614
400740
682595
431126
833318
788989
580494
267566
915394
198539
372097
140419
598035
279156
211430
758892
534378
568671
158975
861115
734472
631341
631032
687682
990624
733202
585713
848256
529062
988681
570010
316319
593483
477682
757282
229094
370662
537065
585399
608176
228377
867757
108414
794169
915042
577571
625131
750411
642790
140888
716783
289787
993395
208369
217814
880764
300061
595892
565841
778392
318085
163358
654276
524339
232696
994741
372449
306024
223970
123087
891687
256334
249764
307748
362715
730994
710843
842443
165767
482195
424193
348074
345938
914188
753638
774574
641475
234991
604225
265662
565217
494031
802208
259426
817031
635806
118188
419823
400958
356606
749666
149620
396974
896068
721430
528102
755764
282939
331776
985380
974605
499969
579593
971814
747571
553260
840549
964581
880409
344603
563217
529452
369077
765388
203524
844109
284619
297364
616778
912642
802330
862658
370445
926351
849674
407411
665671
376946
130712
666402
552981
999509
613853
333530
315750
305117
355839
979503
848853
799487
562127
732483
820081
789223
771120
202618
471810
596761
186895
840693
651439
391083
413576
954664
103099
190850
563917
382086
744293
503340
571703
327755
525318
379054
229693
638365
749064
103947
573701
370835
133417
152481
738271
406602
450887
250767
872447
181953
568685
708575
571448
613980
777293
840898
323466
801181
669843
745196
136784
589168
430158
840818
476179
907721
817671
462411
489980
698150
577580
838967
437757
687104
620522
243737
357574
346538
350691
271079
263497
270591
698654
510730
608311
640878
181936
521475
614515
651704
148304
306883
707166
636659
328412
395923
359939
947589
334488
166769
191009
485865
318091
849890
573152
114457
500104
397627
120156
305049
501025
915939
671541
948488
900185
427177
314358
574786
839167
739738
973912
439340
901171
751798
572957
301482
277723
298803
563568
910408
194207
383457
794043
886864
479299
151779
667322
682137
580379
253924
815529
850768
434997
347206
788605
120552
336717
133287
542806
762834
944071
462219
481174
962204
245919
551148
893717
793972
957999
780370
797391
757515
337940
833791
900369
908868
957046
638820
713940
567286
794291
190847
220768
170517
193165
394442
220003
463964
542974
451778
844852
816296
648570
354549
681127
380451
425635
897030
306276
355016
733333
911790
682315
688055
484643
350137
997602
628917
680296
470987
765915
883171
648900
600767
161209
551077
749342
489469
719299
305290
785487
151852
860296
355907
780408
637319
583578
915030
546942
990242
296807
385752
636765
780899
894407
511884
984914
190496
478459
857300
159092
873889
953795
449439
255214
304160
868823
788891
883397
696655
924997
651898
548285
163018
671014
887988
430504
159022
567732
905354
786452
435276
402574
755489
239254
639417
995601
782568
932702
293152
274453
451987
175704
912384
218032
197059
194709
241396
863511
798773
626788
574340
889408
523706
627100
435753
368183
790235
228420
155509
221753
852931
867637
963453
654275
239722
152845
314010
172625
337505
286355
382967
944058
655083
718111
273782
581258
658720
678348
343567
491844
852581
918698
737703
892996
967800
698708
696473
386878
225303
831977
886088
379056
575163
598850
716832
565561
270546
587184
564558
490344
697097
991788
370986
314559
106072
612894
253995
719070
193583
602955
278654
612683
819305
583989
779210
724833
930526
304985
332361
732555
137674
744266
908962
984255
659926
776894
602359
325108
380200
634459
206141
141022
420395
232341
461845
175725
874889
515707
489931
612674
533025
753028
457939
922765
141307
397547
581791
674267
200955
777522
365963
750013
132482
892276
431299
622844
734533
747189
349962
374877
280393
361720
905478
603900
626414
265604
210933
883505
888928
450922
452409
564971
151710
432844
930462
401897
984507
853252
823966
721493
568462
213373
198783
896637
274571
321688
753511
445112
287145
351319
657861
223771
641990
476112
214845
178460
214603
303480
419513
599378
536932
588055
452102
545477
143102
112232
639187
962576
757361
327764
490678
508993
379536
733521
425562
577861
848838
347226
760793
126350
988139
876777
595887
268187
338773
365372
128832
536132
465358
438807
525008
363757
615925
770361
259562
742758
361425
561336
929453
697868
305084
689034
323065
853268
844153
353622
213079
654782
786736
321079
243745
803060
440566
648624
533532
970764
474616
535876
469718
287903
999890
947135
250646
664866
325792
697802
812122
721756
357705
833609
611150
465492
329498
517842
396465
385499
818853
209678
572363
833633
122879
961516
377115
886207
744970
670852
802137
616355
626030
138490
824880
634244
426961
573202
711620
588115
987954
821538
843153
186217
134540
365677
684492
915225
125200
850414
261871
820842
976270
572533
828160
142604
582828
464182
847585
206731
930420
874080
930149
466219
443224
308302
987637
137615
621402
832792
620200
413998
462803
290991
399549
807889
915122
103691
834099
437907
149384
101450
155854
237824
275346
771972
851028
201564
623060
268883
665321
843284
817003
657707
614393
567125
837191
277745
103492
840127
468145
672679
119046
472711
879104
726214
956863
594568
796120
621513
845777
998750
346900
999365
942571
803314
377343
181373
168749
411165
602421
549392
917717
249598
793826
577278
886066
967562
911538
154988
443562
909248
782645
513267
666899
861527
149766
835201
395329
873794
232840
234096
525992
975717
323887
145862
359940
213530
799987
480374
510665
894280
626006
366317
867428
700363
308754
965583
938561
656768
364963
706667
639274
173448
146819
714028
776116
551782
358410
622498
132254
988867
258847
998816
731656
179390
843960
730877
259781
208461
746152
733912
863775
736551
871902
254216
520630
517101
712487
226634
266073
454102
511441
744290
644051
220701
588438
505656
614256
998164
924101
664926
108684
893880
408298
672608
239252
194141
276870
998568
599257
811260
426103
143284
772890
557256
312066
740565
384343
624183
989240
894316
417794
609650
657657
967148
585240
593265
860230
374532
115155
621664
716101
929556
745084
676940
482851
272858
496571
786128
313488
666123
597989
137066
418263
204626
242413
148000
555313
590770
383123
290942
562669
864620
344778
293650
488597
558570
325199
468085
130273
348451
427657
513687
909811
624182
881962
548106
443091
273724
634151
784415
154483
287941
324637
194129
985755
959819
934141
731948
487374
578928
877691
562824
685253
576901
552133
664948
440591
532788
862084
374991
596341
800244
763691
495156
704198
694384
853009
498873
927288
182816
147249
509196
731926
573552
181588
368469
643750
918391
343446
161411
409723
737842
425225
287848
412521
726823
497300
492346
700731
823639
806026
849694
125030
180407
195571
287735
163006
894336
310993
488925
390273
451152
240687
641715
264894
787867
807976
463303
293885
887828
824984
423168
501758
501972
675354
819289
623799
240795
373975
116290
237626
604709
108064
252718
880816
138249
614350
984273
491613
492093
733525
163093
240251
395908
477989
513356
246368
220424
328095
215822
769534
128188
557040
118023
327102
667382
838355
249211
823170
508868
546788
127590
325787
313979
138560
264491
488195
417317
826565
895570
838008
412316
558813
537374
411621
778942
571808
160218
172399
483963
626446
493334
117797
592995
731485
564869
815705
276179
220720
563418
276763
516732
127625
533736
843927
429859
119854
313917
756788
163099
656851
274335
517803
304532
768706
695479
334324
632932
633585
551927
804145
144995
228761
109478
735282
509713
724846
581905
654502
651661
511695
239465
734214
674139
281276
457947
825763
780082
253329
699153
310272
221746
182846
134756
244354
285616
772012
874838
786193
718419
943232
802051
664509
711036
784660
358737
766470
356691
813541
754131
235991
860527
769103
863028
771710
172446
256411
479645
292933
751544
496702
296274
944771
448936
968383
436520
685017
274340
411768
149057
412995
251894
695278
769724
579163
276887
133464
890187
117168
190405
110290
559824
735529
281976
945097
250997
380548
561518
229535
283000
929889
721763
778961
650758
565646
799075
256458
910585
690238
127666
678402
505103
709149
675348
916216
648124
436206
107232
578087
308387
684655
664147
728684
270401
935592
448247
139521
466438
528166
879817
277461
599953
400245
163337
746555
660618
280773
927881
860335
448496
973101
862754
789596
854931
830638
790661
199082
469176
222096
625944
838770
690113
707004
387642
556829
159690
261048
563934
942326
524136
813973
248608
176649
324992
189894
890224
626644
811858
934044
531143
760677
548723
185795
274169
351937
616872
225623
252640
232074
749308
149676
271666
470246
638672
869060
278355
680192
683172
908913
965943
982563
999267
662908
401265
495069
926743
353847
690738
423422
252178
874811
191063
776232
593324
153442
256551
412454
302230
218402
991250
131187
252388
817739
297553
393892
450799
197411
695601
309664
844286
224598
711666
460585
484086
379524
323390
192587
976587
239825
424700
964524
414525
680899
921887
553215
157788
335925
137053
233889
395102
551195
878033
421515
964545
783966
685917
694214
893467
238335
707213
914135
898407
506174
646175
258772
959071
165373
945996
973259
305804
446557
752142
250878
823159
259135
283878
194752
773292
520925
690715
678730
645621
196760
596128
241589
619307
315548
573771
943872
910319
753657
809901
870376
453719
196618
795428
117934
318702
788011
555362
124056
459464
993574
593887
622918
245410
119272
831569
863054
912907
117605
246925
117995
284062
738628
662977
450004
968396
607698
582653
250209
545335
614946
164954
343605
881475
758179
825839
540720
306526
759664
442231
811647
132240
526558
586939
729336
475145
625797
656248
689981
890047
811818
945588
113981
760442
779572
689378
149698
496611
890319
609968
977458
299083
325910
572550
464370
359357
453993
629739
987584
777345
674785
925285
527054
715761
285960
155788
945264
700930
141870
240446
792513
505954
797306
784516
597203
255292
182256
604633
467984
951565
795943
815875
241641
667555
687346
713463
371176
486833
754827
374468
776933
448673
433383
263359
816630
815861
815288
313068
523216
580046
689085
232986
550222
334738
915830
946190
433407
142398
978356
959377
710274
908439
441021
815252
803208
710856
433661
866451
988370
470026
286431
708919
586543
971662
971160
395898
716320
488006
817379
713471
777232
154436
463760
350305
912446
391609
789793
748325
652039
815008
371391
673830
744440
850580
402773
131954
177890
959000
594026
204712
295325
888344
691282
583895
398189
821726
604622
924985
252958
733073
894119
376364
220321
665587
823470
406588
566080
264596
982612
453829
576227
149265
759792
670878
784319
505812
221574
408705
553929
593647
689757
373217
102361
420621
837261
935169
247683
602500
694492
772228
528223
848404
701637
977035
129603
395608
736167
792699
956345
383212
198917
944817
765980
542893
565257
311673
345697
133285
940623
756048
354141
842752
810245
847125
276892
102455
627609
597967
507584
328595
547499
412141
513719
791502
985427
427404
309910
412493
543386
609403
546380
803398
567255
532671
233877
274039
743801
804210
258739
679577
115714
112038
119836
407801
329857
190023
591716
276300
419433
510719
989944
431187
985003
724040
938530
265908
187831
471026
395481
537514
522868
344136
182757
794650
355929
657074
608226
368165
253573
167546
247389
848502
876992
836869
891918
934526
119307
907339
347796
776297
748110
650138
421032
769202
533947
692536
249104
615193
581051
289590
427868
340599
782538
917746
920927
974428
235445
959232
960086
533040
673554
840901
198647
612572
524386
159783
886645
750716
128377
133798
173651
167355
328226
422698
865050
167592
816024
674574
536332
876020
840974
692844
197574
908114
577695
971303
854497
151747
834511
648331
187125
690614
521718
176160
727585
786039
538094
901133
478728
157630
813996
637331
681302
639524
790287
980556
871616
368827
224941
579508
614753
327070
757824
801850
806395
748475
310364
138308
711704
137477
417537
526846
791691
881435
957014
200365
676673
861961
501424
412411
353533
852057
865693
875546
759676
445059
604310
622378
683660
331390
551804
696921
797282
749410
515210
419780
376719
773368
748057
444864
704979
214282
647022
273571
143680
808018
919703
211834
998722
196689
297576
921490
876752
234338
596312
931967
192958
710244
551231
223266
253167
977562
690626
568350
996540
809558
345222
901695
660040
739176
351341
322416
162492
859278
363353
485779
992787
102408
895963
243801
298876
640862
236312
289659
632208
862463
671148
997191
927480
704866
575494
862952
795759
162855
908650
378026
295636
738069
492681
261751
584849
337128
646618
503270
727005
568221
863345
227854
429779
852498
922694
703940
984941
113666
335154
778344
717245
776519
643686
528560
633994
787366
463877
136827
641701
187716
719633
565397
828951
256271
632366
437579
101174
878578
716529
679649
310263
154704
101458
898545
918242
468880
949625
261083
978154
896065
224588
632421
615589
379301
567447
508762
331046
824007
101627
635722
279916
631743
538452
868948
446009
540549
221707
871336
240354
169822
160155
703314
333500
358461
509506
558736
603712
392543
941450
783978
604532
189421
320689
219931
344362
658019
320861
847887
696578
369502
818072
936389
124062
851568
893163
308438
230351
211179
576685
837712
805610
673613
618053
124113
780492
223693
584330
717557
644377
359812
564285
340516
398445
583523
338636
641733
410931
940429
453065
610142
294426
637901
706569
666418
735834
825359
564793
464146
154902
828463
782534
782495
230689
192228
468921
692745
795918
514419
688532
911168
243899
904847
267809
580173
667707
199837
357593
305768
655188
755350
279905
150977
614190
768846
802669
894174
221416
646389
371166
809127
473462
490525
782204
802647
620387
938320
195679
297924
133572
760081
876241
827123
339336
508533
267479
183152
902582
834492
408194
566813
635576
286661
653097
818582
144173
676727
650599
872432
952556
124544
759320
463773
375569
565806
855589
587745
872308
217230
123217
352335
516176
477883
762382
579088
473437
108022
957530
492196
446253
513599
236298
997276
581076
754021
272886
453465
413902
837236
244826
737711
544330
393535
760015
322102
746907
572095
981640
954237
880428
271014
421139
744167
432981
397749
326914
756922
803896
644004
489418
655107
605407
482182
608466
401443
955975
223569
193456
990792
417692
376314
952403
506344
666811
155758
473402
113962
683422
710285
207618
696401
188486
833759
609755
222977
786207
464004
460978
433100
357803
171572
192663
417062
935528
884306
267219
983913
419433
769479
987398
843841
504737
553063
375589
799298
344673
486399
342225
161656
876861
975584
686529
387182
792199
316144
362191
644021
320321
803627
643714
482006
836593
790816
531472
615742
539020
483328
476001
642301
408870
930485
939844
576859
223577
925620
642281
714727
752581
403113
987080
763369
104868
975858
229473
620738
829406
384869
813382
624708
547744
541690
901804
231609
592699
256715
577055
259664
105619
730920
216761
537770
594552
243497
966782
566980
406159
859398
289782
859363
545026
611905
109017
580289
235764
513899
619852
269710
728032
738004
789066
793347
450714
598611
881351
510384
500163
865742
163557
604285
459225
276125
725189
979666
342332
512104
397876
485168
774907
649742
577496
841839
481314
378035
248825
720165
379378
121752
943320
201875
621289
219926
887033
380058
352112
241588
491198
378940
417454
833782
545150
194422
860641
860284
341520
711886
285087
905325
857505
254230
467241
753004
873474
548710
528804
380319
534651
759109
939108
707338
979866
135359
540079
726565
954709
273170
953917
916164
538052
698847
759282
474806
557497
556172
566698
924870
526023
791001
987096
964987
430890
782186
605951
667477
462045
716633
874339
337351
377497
865949
397929
598777
289300
418306
285462
651404
878617
260107
500392
716900
981383
178883
727444
593472
208453
476152
744195
567940
820685
489363
441411
874908
357532
982216
395791
341237
568666
493721
697930
943356
252741
825647
837127
513841
310837
155087
294620
907880
518871
329756
764890
865654
610198
258627
520465
195753
327463
307480
208801
272331
158946
596370
317858
786131
335502
179640
935979
214201
895833
303214
997422
399501
183118
794832
275501
809184
153003
378542
182994
274984
187951
696740
835646
151151
667843
794786
737722
844289
800433
252012
550070
775559
602671
108640
165825
686462
229887
893450
814687
584898
776137
926465
309737
140035
595860
937402
463987
165682
176509
810091
781811
474043
843879
426783
305690
586574
474269
658333
906035
604734
134647
883099
954265
246247
409403
574520
826375
943532
506108
979218
923012
110630
910957
765592
679201
818159
540325
941207
917260
522904
891265
535144
424300
740761
929593
287115
345905
442286
909130
585706
975468
324386
851272
183288
932746
875130
663499
220773
108296
164011
464210
751631
219317
662142
910756
503790
475838
841162
894355
424999
103163
870522
731426
979159
217760
952194
890859
151339
726312
456639
185198
824631
974307
247896
136040
712466
847187
591040
630897
246676
336886
903531
347044
473916
556568
469750
119623
903130
413226
388211
719046
545868
777103
703777
391986
249031
183703
643513
517849
496663
815559
731603
710964
367531
932959
729533
596053
827464
745299
641455
947900
485313
663034
260442
539693
937300
906904
458293
373147
126899
486373
719835
627395
686239
737113
940990
729374
565809
770874
785380
958017
879344
454166
897159
957782
947572
932092
248517
316200
534172
929382
422933
999654
532709
620642
961189
261009
358655
770002
252933
244022
564595
853013
453459
698688
931593
629607
889927
621881
175792
796349
763809
664558
213795
146719
417160
942580
623591
174635
129719
607965
145826
736270
257232
845161
227967
456547
452887
778647
845871
753055
793653
384184
981148
813630
250189
951774
805204
212418
490416
257986
330390
752496
903234
949639
191526
900929
525917
237498
651021
147154
205174
924544
585248
960332
862855
287581
401308
932553
595446
134195
163989
903751
954666
547398
871094
849145
984459
197628
595510
969751
660558
618568
117479
612261
275222
671807
489689
566022
638199
733654
316135
390079
139041
803791
605625
121312
410152
360112
493038
626452
167056
117599
481129
528387
221547
986592
519299
107433
823112
153586
773810
616764
700285
664478
576792
441765
280920
738950
582453
307839
741277
518836
900422
942298
379563
447316
695250
880014
460457
485978
402783
123061
718546
903008
205368
218153
903009
623516
756488
416914
922962
227085
282909
418134
117004
592710
773403
932987
818962
787284
847001
928303
626663
158085
460172
190217
342698
982322
194487
347496
154261
646991
213346
309710
673029
606455
943727
874873
738306
161664
145946
677607
969958
739017
247008
433529
908638
148546
702938
140347
277027
929776
285762
330017
169636
199069
381443
350194
218882
250043
159738
554149
820745
901170
786152
495991
181956
430667
446895
454414
590455
489736
647565
970913
599168
315852
919300
802253
705531
617332
412433
836806
797706
600334
599903
377603
335185
164299
124667
462523
312984
110501
236573
240004
404077
748050
281435
839700
929829
666552
721159
731264
801736
981097
486345
267804
503935
163119
556566
264319
643805
404418
671098
962228
434106
795145
283940
362828
624367
234463
982031
131112
609489
849375
300232
179986
409246
220887
582917
420677
715278
932551
140172
420781
523088
881113
222923
537883
446814
761010
626808
505023
362141
624431
756126
815272
804112
291469
111818
192724
251837
257089
598513
792879
692571
891270
413312
276817
772145
776938
691204
592373
728192
752223
914675
285222
261997
457553
320416
567042
379692
130312
801828
385538
424616
972210
271367
839290
444529
882911
617918
125762
919660
861851
914938
937560
571974
281497
983595
221328
805625
661762
861475
998592
687736
495612
990517
267032
813872
362363
957126
386666
234113
970234
686237
338682
141410
400848
229168
756740
394009
772077
371039
743975
171355
699778
641872
661090
672752
273783
616983
966869
960738
150824
257162
497076
173547
681083
626471
336079
241393
206915
712325
705769
529852
493660
628452
657123
755358
465395
813344
386394
181648
819976
473980
746337
963753
750806
723971
940401
841866
372347
481588
668352
917490
995866
210513
196734
596950
813725
125502
333664
531034
540014
216788
543476
698850
604323
960556
157130
414409
569721
162328
602054
831166
974306
260442
587471
404048
439922
615340
279201
658563
281381
983859
716916
189758
743095
469882
351240
106307
194314
313575
964420
573818
387869
214619
794063
762015
392376
601965
769103
980727
193152
547329
208967
350350
361376
833374
831438
411094
518876
852457
850199
631860
830628
163421
193168
713877
710304
834796
410612
609519
655609
453495
659762
840712
908851
325180
727233
811447
235025
866679
323679
448987
112198
741518
975450
878696
323195
736369
330219
304022
469411
671423
510771
662629
424249
567390
322366
282365
828438
260187
576065
883259
622972
393863
360994
928181
317748
650728
339769
121552
583095
612643
136127
499087
594250
469949
243817
456333
886677
568939
969094
412750
357523
994447
906545
731826
901069
219447
772082
417481
512859
445672
144916
147434
351941
600321
754473
993123
859634
736894
288166
947938
608728
570221
415061
682904
136226
614912
715569
248129
723132
358556
776577
321575
476982
750619
228336
835195
364153
632270
253913
638506
378071
176604
434147
857173
402564
639115
541616
804314
692566
167960
507099
481868
346142
848391
924769
317162
774648
822435
231842
628804
235030
388471
853177
251310
946506
440255
258121
480127
363169
863250
686221
991230
203189
404589
691406
863023
391852
224509
630822
392519
875654
691727
176412
969114
473873
868763
676751
638217
700445
256111
953651
141638
881870
676159
411860
842348
863650
343785
528919
786977
169244
664007
108905
151939
435366
970375
790328
133965
561025
263067
160093
200891
832322
762288
291992
640168
586579
167512
201301
929205
800237
967302
676313
606942
898983
857399
904583
282125
593029
384501
947173
857899
629807
682546
196287
381739
692462
156793
331223
599926
764721
284689
239253
434060
127711
590098
830370
168193
722617
869448
687718
741263
456626
790628
204415
971593
446598
145585
536978
585592
539212
344859
405980
810829
212807
303152
423840
539875
229770
218617
137744
393373
784587
620473
239246
177670
863811
434753
654192
560143
157333
340871
550834
764136
652766
404460
700199
181163
652288
894388
616749
881300
662992
790923
186756
698225
794565
679088
757820
305151
730324
951601
536253
947331
225343
107989
626776
923802
216274
220431
893240
318001
618983
878734
508458
669285
203836
545670
460393
748136
108431
812041
762329
100190
318941
913257
513003
650515
368676
718952
149280
455152
788098
190603
696945
468633
526493
867599
982366
439062
566206
656821
179533
632743
100752
348255
693458
234655
617708
637607
492574
676386
165465
621749
111042
670517
168331
986092
433557
667342
320318
396207
738967
808208
162256
396066
995003
838828
407284
657261
503279
936637
714259
134729
878703
698038
128058
422904
585129
607521
707201
379885
844046
715868
817630
306390
470156
616645
691014
365711
102296
401558
757907
482105
664929
706827
379780
341552
244776
821742
583789
349303
884346
290036
568320
952599
626552
911841
869059
150151
396004
242407
895147
327360
399221
832001
519973
750245
185292
393313
305183
860577
910170
215438
541601
583042
384725
610565
869688
924457
590162
949455
341606
225978
146802
752986
576183
945750
924869
467909
301873
464990
124387
400937
516614
193998
903645
720798
945588
216595
639492
523576
857619
430414
772640
243100
286550
324990
780334
515704
166862
469678
748380
650682
478668
381075
437659
915879
146368
693091
538577
589911
344683
583003
641283
159402
424648
947183
509729
904647
684443
200300
986587
278899
509836
486301
413285
112942
459547
614929
452385
321669
109636
532058
758359
820878
867222
387457
132453
307830
230894
189109
631369
880062
793680
437246
530302
815906
829110
439080
950219
279160
257278
869953
736017
831789
368892
650652
982245
443426
326502
512903
916673
190980
434029
744360
914974
901840
807373
771252
319401
195239
192591
622667
943057
121647
424238
458139
665126
965523
914101
257533
126859
501112
964427
318495
734062
692904
589331
655330
525171
916479
518585
198822
409839
575289
625099
761663
877085
511379
399979
349698
755355
971002
213091
355130
192068
210779
531137
568653
705433
271311
532716
103470
185131
792189
101028
318210
304945
854194
390236
484302
274768
201636
739637
280953
613642
856804
373509
166173
397441
902878
351791
685373
930327
942550
211142
313310
743547
310859
241743
173020
316327
301088
140091
516721
352766
782211
293064
912358
157862
749835
894464
789893
600927
424038
158330
604850
571253
978438
246812
378177
296436
757340
125245
121349
368544
475796
675902
397711
708167
411995
445563
734823
731934
224928
155967
295511
693059
565809
553113
783002
246375
716039
876926
371004
888391
477001
773531
332283
128458
873964
889736
947904
586423
389766
934882
654591
286487
819754
101542
978048
733842
781538
812716
838836
936743
853474
743016
903929
104869
363627
327152
332645
834702
481678
356079
150172
938395
304205
374926
698084
186394
802347
851566
557674
229694
239942
439334
525220
555823
103091
485441
457464
415486
704019
955037
810629
602905
323815
981025
501369
977611
753657
599088
537423
373878
228412
476404
921107
296461
476680
409475
689060
254867
477298
815970
259683
953961
300777
922668
410300
545338
500919
884261
776628
763727
476885
142754
373290
235524
745642
786381
180616
888839
886140
597445
942026
619807
562812
637292
237307
821539
616010
990472
220274
664848
320431
325528
123051
361022
742216
102202
675734
620202
138120
665982
621018
794221
335028
880983
987278
290597
158643
901648
600284
574879
945785
649498
534113
835772
409724
577525
983335
100547
691087
213074
161772
550294
975830
867669
733761
637360
317198
704350
775525
175871
241943
628358
610000
500340
552534
422186
561607
662707
194092
154062
278929
533104
945934
924174
252383
750513
776149
154783
880115
264324
622798
799234
798656
543085
293568
764384
148662
384589
432710
218007
620825
381535
476643
368350
381461
811817
991145
862646
796667
333973
685762
763808
984834
214453
501858
336277
248628
939332
980384
467131
616181
412736
949687
700849
844898
646980
921550
538471
859539
406985
392011
352135
203811
546718
639490
195277
816880
573089
709053
428109
308006
679620
385441
949275
274505
438495
811520
790184
202274
660086
121177
515162
549562
710387
248830
295381
697144
418523
437692
246136
462013
432459
184934
892006
800193
452637
766153
420114
402099
794233
937171
686669
881877
772556
666323
931528
684694
870043
904073
894413
369878
122142
796081
295845
543122
477224
960848
152153
627935
859349
918389
404692
847988
144452
334804
611466
166337
292025
830546
652539
422837
707970
449104
625871
366126
716330
795783
909341
220676
307137
333710
389626
367389
283803
197884
943071
848171
845292
318412
756234
381505
465386
208415
239773
640602
754339
466535
310301
537412
215074
737883
376070
718953
804854
708197
784890
452621
474153
900939
309260
222321
777434
755395
215096
397652
162624
660636
612062
426605
901529
459253
108900
278236
688351
166327
264118
806466
110439
988499
428152
660507
369651
859443
846851
757141
587210
783424
777985
235674
817567
658544
632617
768058
334280
834462
448000
721931
417152
506511
589656
291613
623606
678931
654503
380543
442305
893061
324541
262489
733765
503630
637411
317321
831999
440414
378288
504260
296764
394285
370397
792397
262394
402732
209658
221368
602722
647589
227958
958863
634138
227017
821808
722098
662189
358447
107384
261748
946564
691845
992562
890522
156367
880850
454546
965947
117147
703399
181115
647230
217591
636271
260880
798506
480147
934340
299131
286916
837496
139307
193481
938826
645471
184974
995950
521291
257696
990771
998312
675013
704436
331662
591608
932784
517341
628960
685411
318086
506150
922423
685453
509626
452701
460600
350795
577518
871271
310017
272634
897456
176346
630868
497871
567778
929755
478855
886437
155469
835879
184808
620615
114565
483761
247206
280005
537568
628307
265892
332391
827942
802669
658689
975816
277504
495486
463815
802755
230852
521618
604632
286825
138998
286440
739445
811911
638980
817989
527715
755013
175331
111426
254331
438714
542921
589775
438052
167150
288432
608373
179152
855972
552019
754765
115235
305643
581432
116558
252319
408539
104759
362126
103124
686309
790384
949693
253752
265484
592183
260376
435469
471676
265958
519982
616866
313124
855980
186712
154816
995224
298708
877189
289538
160543
120616
634339
626659
705102
468249
432861
400119
945575
161993
692441
221306
117059
663643
682942
944385
356777
656515
785998
989659
185505
135776
886890
562323
491544
967565
317915
116747
480359
545694
235333
845152
997445
977388
783569
553138
431107
188902
139391
660781
387540
816024
281845
102799
775050
710527
227395
206516
574249
511492
120983
889756
808127
754011
504698
493934
654174
867764
686001
977937
735551
526882
847101
535227
818780
865384
924113
486185
479451
572101
206717
217677
915325
417270
915847
254664
601467
304864
415678
650254
905188
588675
701431
345872
250046
768745
393321
562780
149204
284504
928301
216636
591991
443682
470281
721226
972304
464232
257584
328284
236869
771878
212077
909764
490332
680442
710834
969259
121128
539517
918768
502541
147531
713299
536805
339180
243736
598606
916958
182706
547745
881209
960404
232287
580802
480190
934243
260936
974869
748120
145800
365727
571747
725343
380991
978490
669924
624620
687283
447301
202502
672048
963318
687892
107045
763304
410791
405559
365239
820094
396932
239593
407538
234372
947510
811903
561889
171660
392452
265786
597778
616546
234416
878870
670274
594676
672987
653364
983759
430532
529793
497140
578212
707183
324773
541142
576004
875436
827259
116686
782103
454433
198268
639340
169325
859501
624226
959544
661008
148091
467051
392095
788935
930208
553050
691082
461730
394140
209862
960553
191689
639265
634121
290567
875262
209095
322247
151065
593179
227099
100636
595422
989394
718407
413419
415275
563026
551458
862262
225235
235025
299430
733059
167740
878869
207916
256972
633375
693087
385720
721967
673335
392406
362033
425377
193275
801327
870265
364670
898212
895791
413911
543198
681323
987581
121608
545144
846852
692595
335667
125293
362002
708821
300118
819320
299480
508898
599839
932322
125920
485525
419777
418202
600646
776996
175280
286117
498688
298959
288547
516049
255871
397454
928804
202508
878975
441808
841678
489819
303823
201500
980980
898319
118393
894592
574981
879207
787947
874055
319788
523278
232569
364510
967128
716706
640647
301323
778338
160769
398108
923846
532435
265876
607071
761434
272824
918341
693210
315945
344617
387604
629333
276370
342672
873764
886003
193988
495813
749231
612061
680628
533071
478353
417813
764393
492552
219866
696565
530944
645059
754476
781217
942023
850647
699316
674525
900192
946888
891430
585624
741542
267045
964188
819974
596683
899652
659912
608556
379557
106935
633687
291082
293011
809043
489700
851809
299816
730561
849760
270966
245584
827309
240253
181320
842492
322827
421873
716748
879608
717335
685394
215872
829031
651509
349865
360555
318015
636235
801081
350370
478722
856479
201244
316777
179122
342121
137487
564393
784686
986352
824226
386841
930288
570391
162799
888447
597791
603870
719995
154957
266519
273468
375234
762843
545786
917894
757500
714779
157924
923894
178945
920964
717499
661745
756520
351411
166408
116148
601191
232438
692752
460226
404749
938512
352732
445785
220585
852879
654559
153102
742009
966207
746553
103991
584834
115831
453181
772997
581483
667056
707492
806797
149349
845525
898446
943739
434023
215088
576487
545868
685463
740649
373949
743381
113429
546712
265500
337817
858133
995504
700698
332578
119145
206594
144604
313459
988159
448301
727776
996652
843492
871438
158116
314721
282272
132169
259723
297714
588042
114079
822003
658688
351600
671452
863133
866927
198494
758314
490899
608357
252649
612101
211628
424430
594948
391351
873597
759880
511679
832053
218094
356820
196228
124116
541049
288240
943255
123054
910250
761161
589255
241876
978465
589651
697245
158113
150916
328349
889602
853161
505262
889456
918506
276719
329715
972026
290506
613870
785107
380374
827596
360428
472459
383072
551882
973925
761420
850068
492799
378033
188785
410403
616688
189108
989710
375281
852958
302172
504023
976935
678274
581643
586865
178735
201619
945406
829215
542877
986293
520755
298221
924275
536966
329325
747115
795751
299185
943490
508217
275578
344435
183095
899346
689924
280294
411174
541109
919949
853762
257789
107694
443955
574657
570795
574876
178148
100739
222935
484000
839792
803423
721142
777960
679352
568686
206562
588180
903168
341965
783052
746752
553568
774455
739781
749373
711162
335338
496582
221815
988479
382561
715030
779507
569285
518567
116085
176638
550540
681328
502187
449876
315810
197494
263880
273365
495248
531271
458409
816565
870344
198003
170270
171298
600713
860198
470292
185107
458865
766438
593060
786066
682493
884173
290847
824864
379945
841524
854996
483806
290529
203285
698306
359715
276248
904861
847110
683458
871077
604001
480650
630016
633717
422103
720019
859824
875243
576231
413644
468495
664472
329974
345175
314678
950493
555875
627720
374518
983699
634249
151542
309737
851261
815936
396779
656912
572119
419328
762184
926627
680702
855744
128492
483561
221727
969785
215348
957139
555272
844479
472326
140331
169916
395037
454639
377125
383800
581485
871428
486441
871835
179302
323210
713694
921093
216872
739561
775800
904136
912313
942616
586935
759891
972328
464835
976172
237866
349233
236540
510407
337664
810568
676266
545256
587387
804302
370209
118230
841096
994905
659488
186674
931196
192793
819436
725138
476928
125991
208628
818977
146702
770889
961601
571503
604710
200002
753100
699587
793466
612611
603257
116093
490170
501911
471215
566235
642153
503911
674181
140614
455904
301464
702959
533938
813011
975206
824849
928401
380824
227819
776856
412759
385587
563093
224387
611456
860928
625529
427868
350552
580496
538852
692864
665812
175936
742362
283099
696276
491435
642387
920947
586125
117628
879387
731933
901435
465266
522078
569661
262300
965115
568272
984644
800948
174088
939807
447854
676784
417825
342419
676555
864308
870992
891509
607947
727944
510674
944173
867248
253576
361802
292060
965038
826247
943096
295699
420227
668725
210127
775271
454325
757660
565855
343537
437527
557109
123886
729621
433342
583919
499109
271162
756400
926613
700891
829907
826642
999772
802313
280554
710015
216703
691741
322116
474911
296623
167066
443719
177222
419190
403130
945281
600288
636473
769812
482170
679183
534617
252845
652457
189213
614298
667241
904645
587307
430599
925859
607876
435633
762736
865857
893666
648024
727032
267162
408163
461633
909415
307504
371740
230512
292323
436004
393571
985273
421245
394729
742593
355142
145300
280920
757400
315700
547064
254129
592969
999948
307639
477886
513312
145934
119914
964771
748660
990597
239433
637634
638281
971753
528946
447012
254964
753726
501814
941743
441207
705974
842748
967178
616278
585955
706272
948442
391734
534603
296238
836085
371309
718759
930813
141368
523834
839279
666216
502336
128298
381847
270542
242146
673598
378477
636180
319188
235691
574894
970750
865557
230826
436631
898842
525139
508771
525602
731530
914781
244048
837955
550502
397011
805356
440529
243472
659781
675399
478304
840411
854760
716194
782720
451229
840516
271168
978033
931045
174066
103990
148802
927536
895861
759843
426294
383431
567397
327529
540689
866943
909902
540064
757646
621791
632619
474193
733674
598503
230154
593019
341052
279071
711008
533268
538750
518220
536285
113332
765093
160567
232508
159795
250334
825260
315982
767426
781788
402568
581023
463910
139754
921111
975738
599796
805866
951178
654137
665696
390680
127076
370031
582804
683976
723653
912809
117832
878967
814285
389338
525988
678520
484929
690076
165308
623540
492051
490405
730347
572261
265872
452663
643827
418961
577175
243515
511344
156299
134598
915325
514662
439335
730714
349272
509165
119717
768300
687254
936415
332265
952123
443199
699212
397016
829368
563734
485274
608431
515906
463500
116610
944709
119936
347451
282277
111066
736742
708050
106775
172994
558724
643326
798328
549502
658883
279779
584231
718402
594944
100035
473467
699982
674845
132876
274944
787399
951574
234304
848074
290923
624708
549260
526596
710694
185534
518203
521790
796740
106221
584263
809221
391486
228833
272289
472475
215117
375811
991710
662641
439275
917216
759855
316223
815215
688468
425937
138493
508735
270881
235497
770342
402248
301644
767196
821930
683218
318849
138333
905482
511454
172432
811778
297142
796371
144336
522983
116430
201842
805425
327825
263258
884573
409299
169759
644083
625327
137465
914043
624235
846517
551476
613452
582041
595489
289922
521172
794132
190213
114168
691828
455426
476796
146501
806970
416925
760588
909030
691974
398450
829253
474969
287176
186786
937132
264539
815736
415212
496015
393810
376675
909588
152991
195531
459259
997892
203533
363311
988765
998220
334737
784369
987791
327644
144167
269223
981229
441266
742437
580718
312773
876444
161558
923736
904754
484743
451961
275326
929902
366238
946239
952901
471992
191609
820111
433702
917093
211628
809262
389492
428247
768268
857160
533913
973301
786583
942774
920225
683058
222214
707308
401814
203671
552079
201140
600662
848329
275197
952009
441776
960533
432284
575606
479800
984793
396591
785901
862769
467114
329214
926599
353611
276442
472005
477706
757504
721404
414301
258485
594550
329303
378635
105023
546215
959881
843100
637673
753677
334456
410332
437082
385900
164579
885756
663559
422457
712603
492858
112731
449544
746182
337326
949831
576739
877696
956580
527037
363867
424920
333306
832192
279955
224478
971153
583197
653887
853315
775050
278531
206176
917464
473876
607758
195971
497854
661646
336077
599886
723293
603552
785807
345530
444304
310872
695641
637895
938339
676410
297341
817131
712047
538323
447370
895154
248543
121855
424064
900942
534236
120387
289170
822983
612229
501131
185092
500211
169512
756752
715819
218556
200021
618157
737766
649217
951449
618241
866811
733166
630531
158930
305693
584844
811501
768822
622280
325212
231418
384791
485021
425321
364460
159812
418934
351644
981599
918030
194240
675386
238111
177504
860649
530112
283421
677608
366834
555628
425493
489447
605273
559132
381099
116266
162872
502267
468410
644139
709709
890200
257430
764097
902787
701507
927557
621805
601804
980084
675922
677754
574144
844681
381047
970312
619901
237759
735807
371569
637756
461260
984277
121706
673269
799712
215936
870747
754300
898960
229423
329309
484421
630707
808091
429854
772709
168122
153143
559110
885693
795872
623759
290237
690212
118436
720538
640707
460434
796215
872771
804890
804762
331439
750069
424994
821191
100307
309124
615931
986848
414123
885233
829404
575134
948028
295877
345356
836422
636468
806658
967532
362060
782196
298434
865047
649818
110177
793546
869236
541290
752113
342170
893275
503068
910143
790781
997798
957086
928504
357223
205925
984783
214240
738009
628309
881141
425630
277891
969886
516406
892575
100940
606446
757799
351807
794541
288239
217481
643121
520756
723642
511583
449346
813740
570495
272414
379388
851170
131190
205178
115728
188116
565191
816928
768969
952907
470652
472004
964641
204674
864444
902600
333551
431694
520249
725782
699396
414554
544016
749082
248519
490505
504038
527377
648940
673761
711119
107596
620935
743957
204647
191738
440461
763365
982016
527738
168529
329909
913305
920231
220498
458578
658221
199190
601629
333998
403142
315947
670171
498459
265194
705258
532780
962734
930593
151442
671834
639027
515926
708886
772460
711870
315403
387669
478963
240731
712901
253701
503452
842674
572823
541466
243613
839635
540184
952453
839423
786504
383987
390486
907891
177293
856322
183000
764595
784346
797383
118212
876295
444295
645011
506086
217977
529075
795481
519883
928852
338259
577306
876091
315815
367067
821321
555785
336304
964868
579226
131867
623615
128326
812416
670997
230368
509516
379738
763490
663223
175820
700154
919172
923956
163038
277030
176749
443843
873288
856289
202348
734022
773003
382322
380138
696228
732779
565303
387690
293359
623460
654837
146411
941344
649575
346879
553513
356555
210272
381612
527570
671098
373938
265014
245892
684576
594747
886349
732573
189002
808344
999687
752944
952355
708504
588322
864544
218411
960307
296123
386113
317683
775544
952825
501492
670531
564497
399269
387245
451263
831626
448269
113979
103637
660355
457868
691773
472416
783999
399690
222124
824978
439728
294679
638388
355126
646486
361368
249516
335722
298157
198898
238698
680990
179730
238289
669614
299980
992938
723884
832063
438758
183964
330954
348106
447040
771992
176376
871440
588168
187906
256536
956519
510916
557665
620355
675098
504730
577145
924529
255402
101603
421949
502362
678918
377533
871734
489748
496285
509739
493428
375773
201483
346243
160815
504642
434078
562801
282936
995230
363557
720964
801432
135489
541969
625046
306790
814209
993567
983242
758728
910564
252692
984891
791014
116611
571191
412904
213161
634285
959654
719724
772567
302135
669785
573154
482995
141358
398223
328094
471030
872616
905195
468432
983400
744073
568080
483656
789796
987378
393352
877138
630594
931918
438927
782006
837502
127666
758739
369809
329324
248122
107309
163501
102653
765813
412899
883668
334103
836242
938973
323463
278533
681109
216713
451505
106457
142647
400251
688661
791491
687710
115126
884551
294540
705476
606386
916514
194386
924540
614735
781449
572008
326449
572881
597126
886283
385094
880180
177016
129901
359412
996852
511147
756618
472029
142400
329249
834173
561554
947768
591938
756976
714765
247782
942728
384215
280458
412458
810573
151744
310372
169967
783021
981491
940833
324685
155163
777361
316529
868833
209505
185417
897810
325624
951928
221113
234758
481729
799735
987262
531050
135200
226415
317308
398964
926949
219235
188548
139045
737514
447515
580780
287479
145253
822210
388732
469371
479066
497571
630996
288311
593798
550489
116422
107725
146997
663319
447707
212098
713612
476284
737571
761503
450033
314325
558678
257512
919474
434261
659455
594757
913103
703507
439103
481474
130528
157047
510144
789480
398421
763784
461564
855037
370603
973132
496825
943458
745653
473541
553991
622283
839380
394982
535591
545015
426643
777716
547940
709726
331146
644348
604986
614157
863503
976803
720316
298990
900785
969875
792506
149723
492649
475959
411060
870349
905894
131202
362285
758207
660774
250953
470747
637269
991401
539593
759510
755216
361518
321745
528409
518268
831299
593645
104513
619445
435071
268167
892603
245555
433905
301255
340356
921897
832680
777776
413562
755671
978916
264528
766895
392684
364279
807736
161937
465319
639989
292831
690012
264316
890473
401668
303221
809330
821923
815903
492339
711594
265178
894009
141776
500689
496011
136080
870218
872133
302285
603098
448066
193542
829568
985955
450520
690521
237556
913267
588229
783385
493447
462976
831449
737339
986453
508395
309576
331382
981424
865435
508895
287801
194076
475889
935694
469673
795711
356148
946442
674389
564889
445001
963332
579391
962088
802602
562073
326882
571467
613810
204174
100164
353644
798714
585191
485631
146214
773611
182723
389758
523322
269975
389261
360469
724262
842213
273234
527721
649427
847161
788154
973832
142104
744473
985786
757545
766356
755684
584070
330206
743225
174040
934123
336442
295189
442367
429425
510718
770371
853805
317799
400434
882818
494581
282951
575584
307775
260108
586320
693642
848836
238556
113991
628499
850639
834856
389053
812105
561543
754749
281841
710564
184437
689544
994332
486722
845579
416746
656139
766970
364976
463316
959884
277504
243353
732944
833749
249043
189760
680524
911442
162484
797898
622949
427197
207097
382066
742893
109854
824740
848283
421202
200453
977055
958747
288518
893180
225135
668550
926594
809010
543778
515357
118798
845716
358581
621671
921989
916896
355797
266076
483336
868865
333027
698119
664184
440418
899429
643441
564379
532410
725856
484360
512434
380682
692557
445107
653712
395533
128887
442344
416948
798776
365420
304295
905996
410252
504403
850833
369461
119798
578485
543012
881626
171092
814358
725809
228485
664003
629999
700465
874167
545035
126913
806198
293330
610732
587819
650906
198176
430008
635394
667340
751973
681798
295828
472669
141958
930881
300865
586435
799589
430582
969730
418890
840831
530472
595817
478969
318397
878389
842849
197834
146285
182102
824664
280224
107823
673499
689240
463282
456956
187621
852221
739028
112925
764212
429317
528333
360510
860108
327393
930349
997421
454322
596151
634200
780459
975366
776211
271867
622576
649003
641185
353487
151373
758792
564574
187793
404873
152757
206952
806918
875886
257300
985835
996690
454886
410513
926687
959708
792028
495463
369568
248417
605755
522451
768494
353984
135806
178800
887859
223258
302754
621920
414104
107372
504678
816625
648529
681470
224802
424457
755430
555557
189769
841459
643220
517346
736385
122928
220943
802290
375989
543789
938145
322995
822155
406336
799613
602827
825899
727737
732055
807605
633901
591035
883927
203791
760622
270798
815894
310703
928710
644895
209337
468620
212258
399156
258812
394926
556294
849929
659748
636368
785299
922004
256559
405578
260470
278441
215300
902334
161300
745419
636744
324525
171963
682715
210889
774696
262001
437871
458117
995968
267647
534087
531278
646230
239405
243212
646275
806450
592817
770466
303810
848861
577076
616808
685466
265503
155285
706006
886461
347664
240034
749800
297061
235181
277535
856269
246540
230755
113910
367619
599441
951048
460715
529412
651967
293054
330608
473068
792043
884680
678880
924089
302391
821708
967287
554411
982997
886981
321475
153387
788649
689916
275823
754361
616136
989445
438878
891224
461482
622925
157937
567314
193522
130516
318177
485871
640755
313244
260819
366492
540031
904258
550125
695473
226378
924752
837615
223074
530007
771033
512017
957464
956644
919511
904375
401018
770021
673215
990991
352511
305464
255448
403111
602758
290327
485054
961994
133575
522215
998174
582175
253220
720283
496881
155081
488941
855132
411952
595800
377987
153815
543899
743987
710567
877772
453116
450298
120240
963936
199064
319172
101442
191198
887539
908941
736846
682676
324092
129202
491364
109591
296218
767811
652671
540167
651373
476288
520121
145667
617455
645917
333074
239742
391846
197182
545892
979011
380417
952190
478094
738000
619095
376891
615082
975955
836587
598261
337206
589157
357550
428248
430682
886461
985842
656550
379930
592486
911878
909981
329980
880429
359304
904770
672708
642346
893430
950306
641378
933669
161110
425988
213362
873084
794887
968933
113998
158955
118256
680001
143479
548771
681668
789277
187841
971922
614420
481949
604531
632890
892452
118494
107687
885523
171912
856594
795777
915943
532338
183558
292105
962739
790542
656754
119776
796788
917543
775672
149220
644676
138625
904211
877401
154481
142805
114960
355951
580815
762923
785853
574586
183754
446134
234200
870179
387138
673860
818036
247096
803156
185759
828570
259532
160715
526081
208642
414650
361807
303638
942730
272949
625766
391703
544723
948804
539768
172794
944735
259019
297668
993581
396552
104536
428448
435300
944135
781783
149233
239615
227152
427536
729871
275215
115708
380640
204535
860078
285714
701685
790256
670943
448655
227351
206069
897375
268711
108059
321601
678190
924298
557991
633902
859851
209923
357548
808800
884199
820188
129689
788689
797617
666633
933630
350865
319842
603657
592409
400652
492278
679670
826827
932430
415829
190594
174372
339887
503716
362952
327824
844070
191846
716194
954261
521642
452066
616930
293036
773454
378865
455838
496050
104156
678746
937584
954906
795447
866999
118773
935519
994529
818297
749105
814560
547927
873245
438395
857978
434254
995730
569781
784233
687761
158018
828416
572975
117131
323047
321682
844226
641892
634803
794346
742060
939253
712285
900238
354082
993998
735919
655846
184441
832404
461159
338467
704004
936167
437489
759571
407924
366847
266405
765987
305851
257199
413894
803092
121115
366813
879888
717757
750839
560279
445261
285289
706308
689818
803566
778335
468345
346326
550631
824574
843167
780047
399901
969202
469060
240320
920674
297221
199538
135767
673601
623562
170118
530109
749997
495680
924170
425132
281672
327698
435246
966743
935970
844619
368205
873779
665217
369243
854795
348995
102341
326011
223745
684197
340685
405099
240658
981830
470896
397439
222731
878602
288796
298745
912891
899037
460195
562107
876071
813495
439059
774777
476719
557491
623750
919700
622401
493646
430881
476937
647120
910320
743438
159028
921029
209908
855781
686020
122096
739365
277952
899406
586803
945481
626916
589584
694661
185420
233429
628195
884302
332867
489728
410308
776770
868269
168156
265696
340359
296972
771062
347423
789613
802111
785716
294369
683551
770267
787337
850242
385580
664914
191196
344079
734443
965933
435189
669106
467961
159016
753944
660688
273056
279939
637850
473875
582356
718435
737728
918169
138393
848380
342981
463059
644876
125401
385493
394685
294168
789771
970842
561150
650445
249736
232960
404436
561574
210740
393739
707713
858199
802430
548718
716961
259688
276396
498858
100984
198595
757795
199943
871766
233360
683378
169770
423132
626030
488697
302383
932119
161286
587539
742210
625241
109783
271179
707778
430842
980663
458537
560095
417366
682739
266330
964738
458073
514529
675065
250063
585856
508004
265063
601088
424926
340161
827899
444317
411349
578446
813996
294976
951859
989446
391628
223512
217954
373598
727614
175792
111029
513407
640282
255173
978411
193769
609234
743644
753867
660000
692358
806896
732963
555014
647238
943955
400191
742462
228184
899588
460297
791260
907478
959484
407775
455129
379908
996747
953560
887827
871045
660241
441744
186280
377204
928375
883271
448571
148057
518941
182682
761431
360245
243031
611294
935290
270526
120979
649401
828809
268844
789381
483977
896274
696282
328217
812106
737929
275529
368855
398721
674316
217769
407891
225981
437557
310622
860512
768358
866514
303572
148277
200053
623628
226383
842980
434248
488994
294820
824477
963097
326258
114896
759672
736015
257978
430691
807825
708592
826878
353339
700730
185281
959309
587635
700620
261758
986726
855974
163252
535428
704489
652119
165141
931709
469343
920402
560009
119101
566903
231176
285848
844726
206518
846618
283290
468053
105459
419431
243943
528451
790969
360635
895693
832981
432970
769364
412419
994266
985915
709470
109924
590660
383653
378978
563719
620981
125345
949688
758074
725146
115058
452630
646265
700497
900196
501196
604211
883690
773985
452133
396130
737048
619296
114198
562484
548380
610612
215110
488020
649855
184597
875308
640571
417467
120970
714915
176223
545932
686704
198783
119352
405748
395725
679956
210042
797526
518903
291901
612950
482615
145044
752112
541636
503705
218689
410793
724637
290302
208581
331795
609919
375740
942515
542951
641614
372505
156550
130779
659044
963990
255638
535970
995772
475798
679465
427100
809093
204193
525093
222051
555593
764888
309632
436958
550500
828912
102541
901505
488596
811822
702941
686440
647156
998825
388508
319299
163598
540802
152825
121227
235771
538835
899793
968661
364019
826237
512878
951960
360313
307032
731377
481015
814011
245459
514759
569745
399545
622169
935740
163649
140598
189057
709700
590197
399088
605711
306455
540186
261314
322634
853119
773431
107226
114007
244595
127677
811081
176309
930455
918073
641891
493585
378442
939543
524811
708727
597552
750811
641840
730426
778136
247115
917871
408561
878663
302077
326458
943947
555165
189974
801613
486006
364037
332753
119085
790014
261277
130447
482156
948158
535214
805966
382361
135816
533619
724935
192568
646014
130291
128783
901286
343339
743923
408185
523401
400341
461458
806468
505244
117965
169405
214818
674765
204308
914646
798168
161477
720556
985905
881025
697402
205042
893646
701110
753014
717035
622452
789404
520699
390719
376773
509758
752111
933633
326949
339129
872285
207436
783497
653591
346733
967769
849944
819959
934409
952129
876432
625799
195279
673341
223442
700537
212956
491917
473886
425114
484561
164899
849147
291195
268633
400865
953213
979438
798247
854898
357043
364974
996290
952607
733551
859216
289229
427165
971265
739644
513359
197662
621880
913761
195078
745581
682921
733560
760420
536164
935030
937631
222993
828755
427830
292372
751885
686877
599799
418069
186602
931213
656098
211266
563983
133050
589377
552197
101306
174650
125523
760584
319221
567377
989125
580414
266167
583075
506790
283531
897523
160871
252859
203460
724525
676252
367259
510710
188637
656774
809439
694196
509403
718541
731277
354977
987462
628435
495141
784409
937153
618629
168914
831675
208472
560368
160813
995520
428503
737273
382542
878854
557500
440045
245556
791728
616731
541184
290224
399775
351303
733674
904586
462303
613626
269337
400151
296702
481102
796487
822589
891272
223917
999472
152653
581195
419891
419096
806064
146704
907063
713348
564899
490242
714325
271727
929233
165511
505946
910010
658065
137704
450078
736080
289604
736024
885253
436820
896589
558212
425421
225803
295076
789565
112286
585681
590955
921468
179539
135808
871945
875831
180709
828178
406731
963408
111436
970783
215060
744498
706991
569765
919223
852504
395775
481050
751931
653502
166840
124720
431725
687601
402098
805105
497275
342006
815144
201427
329215
796329
271905
496090
508731
635973
529209
969174
917851
940233
308385
564854
788905
691999
632212
827089
603696
891691
146643
734447
240853
353073
823710
117947
571297
932442
738895
155228
624065
165147
859540
388211
261895
129033
275214
465116
297508
564995
667388
592070
876644
529418
804269
145653
928381
119018
264616
467040
247306
462318
466485
650095
570846
474714
169598
675013
498232
155170
599328
941993
854512
428212
141333
100379
460729
734383
596592
180638
162245
427744
109645
471797
261968
820187
794726
761668
550175
233275
166998
578014
625381
271573
750767
884183
796364
535427
987105
521510
806352
402613
258947
865419
348560
755293
330786
677556
416015
302273
463276
989009
109996
241832
355792
394242
134433
553378
974437
892995
383630
475178
135041
719891
959591
493025
645736
471518
661305
154621
525885
836848
449155
789488
635206
620394
393223
489857
166659
671169
541586
445119
390399
656878
953587
251909
176720
833187
746919
460273
495174
715304
241431
969031
612283
656900
165292
399481
437648
672744
417365
870390
693711
451707
274163
697178
746869
622171
957018
895954
167453
328196
476047
915228
358012
956460
559597
547108
537932
982636
523997
255475
857892
155895
870123
484149
734287
244771
639276
981006
398048
392707
985514
511958
273010
535188
339642
275026
893144
509599
653299
723128
935440
744756
596569
260047
662081
482079
594009
798642
678711
171263
448552
609861
697269
329707
927799
750406
305381
730624
235702
748548
390302
177516
290047
238195
557809
814836
945881
238467
293289
402592
623179
115077
164384
504910
321426
139153
283414
362285
549365
136692
373593
934099
368257
821560
633979
396327
349131
285790
706298
541253
392633
831544
898326
511956
389647
331319
671066
967073
529804
446407
762610
389982
980808
238835
949521
307144
925625
556957
636936
888027
748904
909240
230805
229066
826040
388336
621731
117994
472419
313222
292622
991538
776372
910544
138576
382675
812797
348383
550123
504629
760212
481708
580542
804253
913626
817432
685619
919559
243953
886873
708967
510446
567955
609802
721115
875063
503666
204579
744137
662575
281968
394777
148305
578512
181189
781986
940334
155068
495518
530706
161663
545957
730706
598603
920534
852033
440337
764055
507491
491457
340825
578065
521130
602823
261324
260351
735318
220043
718288
531874
129107
366985
669130
674891
407163
752420
773092
160172
725864
894546
276664
662187
495943
899880
289423
848983
683937
110255
826411
771472
619868
893930
191874
251716
425784
358854
149968
851851
792811
350489
312131
894563
623860
548958
309258
183169
933718
216873
305309
957034
267874
820095
507618
770543
887343
575273
514683
627263
763905
720510
156965
369911
229583
412554
140028
689857
522788
687622
255510
584006
779212
631145
192738
154035
849100
128177
207316
252232
197242
226309
302693
958622
440103
549609
169817
937437
428748
330211
903334
654572
352024
940285
759515
603156
853950
665907
486075
533325
964396
594453
502525
844555
785490
328623
971779
410982
721390
160232
829563
357435
362311
493533
789890
413189
306984
267952
109127
622684
565459
837789
358983
913188
817090
606363
736474
374287
353925
218059
852899
157105
719410
326758
406772
584726
587902
352656
774922
732051
430338
213423
450610
271018
311346
310098
874111
563820
830601
985751
570832
145119
329789
155490
907927
623493
604504
802987
956517
604903
418141
925355
679144
196316
181070
619819
500801
173952
617659
257753
198587
351364
648328
872802
986493
723063
822912
556478
504650
743765
549669
212632
286666
228829
294548
851684
455303
459807
280127
354546
294690
989557
208657
708877
455209
380534
450396
707588
890785
980218
292646
802880
114630
952900
721581
275340
461041
468192
129807
488932
116163
362908
373301
467491
886457
491508
273569
426047
512358
315412
839643
668489
503532
442747
514424
997434
662787
609972
489441
299003
691585
183987
707940
659112
432369
624784
765065
419863
986820
846248
317943
766313
743529
592050
620725
273591
394398
675561
172122
295022
750814
447623
263464
780625
580558
755511
717734
324240
507204
100262
715724
396545
613853
704606
794850
391034
251215
947119
693717
983983
668413
811092
522351
672307
238344
826882
479200
425999
190971
137724
313735
949188
783898
737588
902237
299043
974342
134379
346513
447874
780322
705459
246018
778379
193742
955027
253441
896814
994177
436270
553263
168942
555849
443119
518891
648821
498379
594626
317104
775820
488000
100907
948193
340001
609057
297528
705501
976202
674286
200738
493841
235471
420908
727026
782584
856180
445018
306703
916582
174014
202876
940575
829760
210911
956534
819772
805777
710698
120148
993434
380400
115981
528552
678540
611904
387427
966470
886015
390742
182036
532825
858406
352073
101558
752143
279825
467933
929945
868534
228722
199432
463241
877428
679751
252028
198087
957606
295770
397651
565119
623675
198733
474402
903709
866530
785726
599180
201070
361694
626161
158626
986453
987518
324471
485938
486953
145486
663621
474237
720313
173030
301527
688999
962957
646270
273820
102976
869060
464887
748415
822288
421137
757471
799134
124632
563020
609536
376069
420824
529748
741140
798390
295641
674144
102759
226682
311438
590626
126187
583462
727362
795092
523404
179970
949914
911500
761164
237172
307819
597198
803011
572721
733454
544152
866336
232651
881331
268328
167782
820016
374474
953185
825609
730973
319032
448466
738135
382128
572564
126430
419832
147579
650424
640676
491236
154385
943785
271927
422904
463470
750938
617416
777253
797017
325216
485218
382155
625704
582437
114315
934701
523600
740643
277897
541462
944664
449055
242954
302072
758336
145504
621938
129678
846995
939908
365892
621630
856419
461931
787559
527996
704557
770894
391788
357950
103260
435990
815562
625462
510644
270846
321524
753067
821385
130445
702002
615764
437125
458990
672018
435308
149278
580142
485403
894865
268132
381541
399915
635359
708817
161864
614265
613945
929478
766794
101239
316448
940494
459673
427124
632498
550485
585759
840631
969881
711952
318436
283063
740686
843638
314135
283618
107802
552398
685580
228545
412826
687787
609921
135013
851297
408328
950649
549270
516354
354616
417583
318322
933178
977040
206661
938510
193939
357037
304567
498934
664145
985694
885856
551383
683872
182138
115547
477248
760963
876964
830063
630024
882382
104425
537965
927490
106859
911393
899641
787631
340526
259263
984369
683527
179341
175447
786643
285112
381390
164822
667648
598053
746835
148360
392037
341074
827599
575474
454244
607906
847560
965142
517634
745002
630945
985657
362895
973418
437017
679199
169728
120747
337864
607554
919246
820189
806177
474280
892286
371653
776445
303882
955366
387491
825348
284150
285302
440472
764408
252372
633341
772354
526940
156201
840793
841061
196899
976961
845640
683845
976525
966569
544760
880185
589596
907179
333254
829997
766552
460609
498148
525486
519785
241827
777300
710160
758966
984893
139657
184031
573906
856836
441167
147554
686436
478532
220737
170425
771973
568544
546453
882349
640493
120501
592671
257021
469608
635113
319471
714966
212229
572196
408470
623231
137377
341871
402625
922954
787439
441992
237766
474891
399866
128319
530593
379335
325739
976866
424571
846729
309901
786703
967185
482414
927766
539817
291648
468589
895105
134348
149334
726404
104391
155968
640044
586882
200400
496653
320299
213010
268195
363224
269397
906164
386602
579739
537171
963911
616692
153416
471631
238957
786622
987539
836817
265058
371517
857346
442229
364009
411606
782987
254569
425193
955975
507751
359641
333831
450958
333973
267467
711649
725211
640532
654332
303360
410634
352823
852657
803040
869223
321224
708657
822978
651281
675227
891661
312504
925342
648694
279987
877985
275051
300977
419782
111816
195911
502222
628008
313509
312745
139918
438443
348985
659932
346648
669935
765796
301561
966649
514350
574288
139710
511007
627049
372364
464838
857448
566783
996841
382458
210257
439473
220570
595392
275262
868359
344554
832467
984098
898795
518974
702231
684679
244345
122766
354782
771581
357754
935409
323798
678884
610366
374699
754463
805513
774290
672633
112949
118683
380960
376041
782748
823089
828320
670458
710873
548115
491598
728302
505734
642343
345764
538980
573149
193627
817377
274988
161910
640847
414981
164297
783017
487003
840943
223216
471867
150437
530933
341109
158178
418149
482961
962206
166853
549289
210843
649590
864963
572641
221695
896402
255860
839412
642507
830976
847898
669163
410000
174198
209834
917350
608620
289545
472349
145338
201863
412519
325964
266301
791537
619863
952691
821989
208518
350970
448837
298894
781993
875747
847336
690654
996928
742482
218055
582202
320677
439951
432375
814511
863805
722469
723808
192764
852189
978007
445253
984043
138931
275422
753969
944466
234334
946190
734219
918999
217589
754673
226840
163556
804498
840008
810291
958493
298875
151588
755477
943002
111688
859128
360441
461646
806246
919785
539551
936938
437207
807790
749434
704563
889176
466780
323576
183801
265781
621670
289413
457545
639803
755111
423226
648181
243325
341771
850228
788945
944208
351940
956831
301339
994993
746928
436650
389307
690853
150575
768294
118911
904806
675644
324512
158976
992760
127320
121943
430607
943608
892494
179805
447804
258605
247086
559529
795280
445194
431820
569327
132049
399599
402234
868265
399189
607719
231491
210782
168195
226895
424910
747329
947085
556920
580390
328725
956841
568766
700858
715759
619499
986574
764908
591576
713422
884847
462051
960653
605565
891315
135267
401401
551506
182723
847807
240821
269820
203738
373437
223029
847327
911583
316100
674473
191270
597919
125343
417344
978500
145211
595838
859967
766416
480904
976691
604879
491972
622118
151344
304238
835984
611482
386649
761042
271975
649412
594457
734767
693000
617309
289611
339732
337455
373198
785355
544333
831819
947599
575269
430772
831626
525738
277377
308069
601374
463972
934820
841302
133368
177018
671043
454971
207022
132705
625364
269642
805252
745392
520784
347202
590356
346633
343251
174960
807405
677517
348911
601669
101103
601428
215280
335569
974515
155285
568737
431431
255736
493160
938736
162212
122082
982648
390329
861837
169970
558411
582292
908663
481363
645934
553984
835942
480476
262155
611760
498212
986930
968538
986523
887543
478455
674039
975260
233644
322426
774839
748252
801716
333712
899060
271578
369720
534132
116188
708619
938959
558798
227772
309022
740430
591921
110000
861294
898413
960869
992327
502290
315381
420193
146586
927397
598807
969396
598334
981926
745757
795448
847501
677865
523231
452302
537428
102136
163370
854221
116032
676308
758052
961405
468316
609556
642845
209382
187296
986066
912328
538214
951985
143448
103322
777071
244483
966425
427950
642284
976959
406729
757178
913752
900498
878455
212333
902086
498578
557392
535857
724366
569390
452341
911531
810323
332235
513352
977774
450034
943043
346423
267239
602429
173456
414764
823038
887973
890011
356606
703509
258843
852310
658570
259730
712610
809742
714020
804322
839753
651757
469864
464628
515073
712360
588085
901947
832393
295756
405257
624093
594353
922037
892059
784768
246813
753746
427741
708718
895255
238863
634221
549061
308596
166845
874859
189999
173800
211143
351586
635048
958599
788734
624334
525903
315914
934858
133365
707662
647930
612714
679069
824156
721376
355451
420654
968344
969980
676198
229731
438924
840731
367001
113885
629030
986931
305775
519231
768724
953937
700942
948918
313726
599626
450324
338426
386795
380242
948484
278276
723440
655368
373057
494289
217780
259336
696446
794023
400194
179811
800950
902856
638724
132364
678602
329213
608194
852446
998917
756389
319061
300598
932617
464764
353838
727279
102458
637154
744315
856165
875468
894583
106614
176849
494303
630917
200842
802953
352330
321850
871148
864463
916189
876925
269714
366644
673679
160346
277721
760131
708455
659637
634448
964354
615667
864259
613802
658594
111334
926253
273008
699176
520130
390907
200962
139747
975267
888881
814209
720695
156492
876559
815123
569883
371219
802608
113804
963417
982750
155311
962455
151713
542844
992774
188389
300594
459434
568578
799194
571055
603736
722118
240689
216060
880934
973400
765929
122108
333668
921240
993279
449539
653081
513416
485007
677052
638783
899701
383994
310202
843866
541665
132407
600450
468949
424785
323256
253525
480835
898476
240592
351957
821871
513852
594592
310902
572824
597285
236625
844641
115801
802379
304989
746455
798837
757988
797882
922827
706018
358383
520503
823615
383009
564761
743773
932547
139257
421776
362007
461876
774756
989153
612955
128036
997270
114699
611007
965194
153959
428569
777131
218064
788920
614119
344451
293129
496266
457245
150398
415744
116294
503301
203905
807454
717399
108491
531306
470788
185139
483855
466775
871504
257399
440915
756394
844821
388078
179412
955977
566563
721544
451136
231952
932082
792644
802605
190583
736890
906245
479280
284579
576455
437954
404159
903222
376906
449844
299864
275732
558162
350938
157135
291300
426297
514725
446155
929879
607214
510359
822046
319420
473754
279562
314625
987513
941668
563862
688281
786682
486682
437983
614631
766120
296982
379298
635882
266390
985965
781889
439960
309710
245987
723657
363728
777836
872636
376287
541377
601219
774176
559826
674326
612729
550753
854771
561667
946561
202845
740181
260763
105279
894620
146630
689191
639718
407434
770723
620023
779700
178291
831643
579975
169654
535580
549637
827523
557563
681580
683580
452898
831941
833449
136259
617410
875562
496847
644292
392805
353625
743385
116783
409470
819615
145171
977654
137364
406556
807150
420367
121138
444922
161991
292705
429095
546260
340030
223324
334738
706318
604770
685771
605098
491866
516617
967607
437010
575132
879064
991037
189333
238430
438678
724435
797427
747462
116685
499908
829513
458820
456837
781075
207799
216513
705383
743988
385860
897552
792293
411993
878326
449137
748060
728410
516012
897728
127220
304306
698488
719456
113286
931631
677628
941179
741811
247670
223689
779494
922408
946508
165775
842643
777897
769035
756637
520452
583682
586841
