631400
615932
438129
353187
859389
597985
102612
379307
251150
405281
495623
237872
408527
104731
240313
387841
412863
491840
723678
460467
573073
475359
187654
991533
808708
851614
527621
771352
926232
318177
553348
206467
198362
765800
422949
585023
273671
868169
183357
320850
113006
812793
363817
711265
537346
101552
544862
488242
395784
666745
952665
700416
976579
237151
225999
629757
312176
785329
672428
556384
734327
967914
934776
386857
288828
546071
160724
272047
122539
982330
412222
633285
314010
724189
831994
530341
553043
964172
861449
351059
270046
532258
495728
182366
335848
907583
434017
324512
841276
733183
753660
596581
784808
571502
560807
593360
160131
707891
725917
360963
574177
785967
338901
806589
579185
437340
996465
409179
217242
471274
975202
885532
376014
428916
692797
803464
711368
705911
870293
285670
210515
112627
154896
493319
270552
392952
793622
486690
199230
737164
314131
704853
920255
707411
594104
327224
308881
158397
249923
144134
663526
153340
597867
939799
351426
380563
206811
598379
708855
547819
191864
835660
630856
991074
141980
214741
282889
279341
151918
103971
449651
915420
788169
217453
301948
268278
373467
442688
460946
742350
228472
248685
749591
958318
326033
330512
614328
802959
705541
835800
953908
576129
513293
472300
485223
494522
530688
726254
797859
332232
441725
759812
370222
574316
235754
672353
296362
679358
210892
156076
824087
791049
394311
538842
916078
314024
177911
766876
397088
949441
206843
565714
265563
186834
410444
303380
579374
106007
846383
592192
480905
100140
268578
131817
965033
541131
572242
888519
788571
323321
617936
528784
900153
604995
755418
141807
692922
464525
709398
535107
448891
998768
990143
433682
941473
600082
876991
772194
765515
330531
124119
963138
963270
171082
651023
204639
857564
641865
935980
479140
974954
845022
362707
919132
842551
411470
225422
690369
280781
531779
591522
350664
380710
634067
189071
272084
185069
990667
625720
672124
123183
802238
924719
215876
524001
871731
733467
874339
902422
212083
161292
568213
126065
287300
206637
727465
701190
882163
264146
627738
786761
712462
744126
741778
920825
951688
118109
558220
159906
855848
549987
962529
875359
144923
152292
777717
225583
236290
327899
993618
945430
964160
384818
970354
972376
510243
399673
750443
664485
899355
950545
749956
822237
119652
754065
295502
504802
461240
796701
564158
733760
491018
571808
816362
359715
350423
680232
851733
424803
772038
851118
544277
572001
140637
366614
471402
294911
372262
759055
662642
917194
182142
641491
275683
623995
929876
591121
666141
659098
806029
459322
164272
792698
974785
195774
453809
308103
701576
194035
465226
954904
581299
590159
584601
475421
184090
581659
290604
353085
134222
972190
684178
900781
189921
469227
711617
542528
458222
263606
386060
926558
249398
640200
983515
887378
486624
242271
414679
989690
998102
935332
370099
314511
712883
361035
772803
908529
783223
573745
916323
635336
602656
840459
602330
527959
374975
952437
109745
741312
237307
878767
653261
385945
851733
233646
388792
217668
424966
482884
173209
521044
136452
579803
799562
525319
656794
523372
107710
884520
794095
202048
154935
775114
110543
731119
887927
256347
782484
838474
195462
797779
175690
789456
299046
844280
272264
941764
142226
125352
556268
210569
128160
557630
285017
857799
842671
832889
839134
684768
386320
777399
718548
538163
760896
353667
269881
608103
861019
984935
409995
865995
520996
821350
212007
943991
468828
916971
266010
233242
373651
460747
945743
769170
995393
331180
930186
677845
758597
554325
481249
594215
613013
157629
599783
112001
292500
888997
276162
299162
629384
399108
422300
284609
765635
344901
944693
931705
705212
448004
159098
961458
165974
913751
848795
925319
931267
392970
915453
369993
120434
136445
257821
617955
692127
854621
372121
943394
955570
737619
439820
686035
814043
964071
408135
914305
986262
951968
260661
493308
164480
448089
194742
434347
933238
521952
745007
102835
417166
678166
417920
259680
375724
423792
360809
372014
146941
969946
791533
373526
950474
599154
970128
121078
282999
109243
442012
161625
909210
783460
298551
572166
191398
487098
595784
633385
385614
688507
144318
700825
791878
523483
530130
965982
244427
627829
252416
936885
453857
135524
560556
431721
272665
653406
511418
871819
782939
314321
840691
846420
433591
208913
689151
424646
996941
471734
875247
417873
990486
148389
474181
208626
662588
446682
165307
218130
537017
769917
671984
482177
117745
905967
723602
110428
854284
943425
242624
826877
412515
725310
966837
732222
989149
806427
396270
754052
765851
108368
849204
694703
906547
421939
941116
834313
893944
254228
730326
446174
505158
674670
752463
843663
658974
629696
354184
404472
252065
257733
772869
200366
299747
654588
179472
972879
119213
291104
691131
929337
613145
405688
738229
465182
599470
708954
916749
780361
703994
924143
939949
280041
689493
477294
783379
410123
463957
961961
295461
651514
851270
421471
678854
811029
321786
556685
206834
774592
992946
566901
861815
784316
542990
663762
144339
534208
217681
332741
903403
695803
169557
940310
235203
807391
706327
466934
216230
543753
537345
400990
200092
612430
501397
922485
127078
845513
557368
246415
648915
625075
481759
602483
611526
467763
943220
701406
469115
243150
281151
437067
359807
936515
938803
164603
292996
148174
784301
793566
980089
500108
617983
449337
926846
505742
481982
402854
508220
516705
300182
204778
604516
171436
961255
366219
539912
346123
398123
711920
924645
166987
756230
240559
931330
218236
697905
682564
984716
902559
928913
786645
894904
371114
778682
539924
983313
273956
226155
564380
126896
302121
342337
214946
818959
155873
746418
130664
479287
852103
259738
581392
915184
761712
667934
492428
846494
104986
339420
134862
712146
641706
346793
509857
971916
346386
530803
384687
520075
530369
762330
101805
581862
787346
804969
426215
524306
557439
870334
423207
895141
704900
984539
550291
209500
976503
556892
918229
141048
285990
382413
362595
735414
184002
955383
512146
563693
735471
343989
668609
735272
623919
607914
336286
432018
990200
428985
502410
674474
227499
682056
700637
336710
547744
183525
153504
272675
512172
387075
666349
574158
735915
771221
241223
736217
586387
458317
467156
183100
526472
789600
178304
480708
860163
787693
373272
863378
783584
951691
377181
367702
565627
945818
881020
502090
421243
561580
609802
397575
376684
579521
926047
828468
540053
779970
617073
182502
570767
227418
494706
547235
546563
496106
540211
724137
305216
167830
339874
100237
218512
199676
854635
678638
911651
472135
475407
802529
990364
578429
144709
233042
678513
730504
931620
103892
852088
285803
480338
346595
627435
209841
817550
945813
556442
507857
880465
658339
505581
646963
445537
676001
626168
964005
589265
659779
521497
756310
965958
399791
730574
829592
183328
116351
827886
297595
849901
368230
547903
988906
366039
269332
936790
282868
300963
494530
486868
113744
148541
326143
868373
262110
175510
277668
127885
309091
894132
276849
564362
284623
946595
800351
510691
611490
347958
575083
668330
273006
380591
788467
251362
675557
280876
818051
504782
630573
360053
548783
747180
823795
609181
377357
637368
197915
490502
738044
287106
787034
647923
768654
539437
276351
537103
172207
243613
390448
180434
632914
811678
249557
260425
396608
337564
829107
956314
285951
324445
142960
333523
649507
245326
805376
428314
675961
521655
534603
508517
396807
762829
274328
486767
690382
505125
935917
780863
997162
170115
280720
109334
740748
810687
751833
559856
280970
312045
140229
959176
707864
662624
357692
244865
103685
784508
699440
247078
752712
570566
383469
751071
962636
180683
743782
911312
891596
587951
104452
253079
389306
877226
494443
488214
177160
349694
474427
687211
992261
206630
274026
373331
223503
649016
966879
869506
957921
995093
169031
590004
325686
205113
222934
523555
248826
712219
292839
521843
166521
432692
720500
757645
517380
604715
706764
259467
403229
582901
999306
721627
372841
635612
976409
256804
187756
215420
104745
304985
757348
422808
255246
180716
454293
634815
593059
371091
883249
426706
730262
516923
273245
519570
447161
296867
851696
724089
266557
671234
531289
255856
763364
696679
469802
710320
974234
128171
921442
680375
191285
385713
696148
595683
345330
620942
287793
321946
269820
955303
240094
216700
828352
116896
986931
350268
190876
518617
482190
818141
765421
986901
785642
122796
609267
153927
508751
708203
937505
485917
927790
638415
276835
684445
824958
351315
297216
578508
267871
340573
329753
209280
349378
719328
219724
992880
764265
556325
533924
692163
229994
213075
264607
109557
804152
978066
267688
552600
889435
264102
401381
312155
660073
591027
132096
574893
576308
482576
177488
924308
968945
513922
827828
781998
162721
348175
139158
884204
522156
872734
560478
113136
405295
510003
486705
765448
720849
824656
685401
504349
847618
327291
540511
283728
548950
712806
508680
425843
203801
788292
312152
462558
725954
903825
280447
646857
241349
401851
784130
421514
702550
799031
210279
236289
396121
188703
427616
178488
733843
468277
207045
883605
774929
909941
836300
150196
528990
376502
193754
390209
941444
486079
142404
124409
963551
444913
208605
897540
117110
983398
544483
115986
747174
965466
246454
514421
219478
438611
323148
126727
982030
797675
315360
562719
473683
441992
680454
831530
268949
901427
949807
332932
901847
864834
181869
714077
346971
375014
623767
924662
576480
741905
723684
303265
284841
269607
938243
584102
669747
932607
245506
222742
708433
944217
391026
366237
811796
266161
523333
519601
251179
672429
429965
954343
803189
163300
956703
573163
710437
144832
675408
225702
381193
462059
686034
959083
657958
848290
394282
665197
141920
954132
948261
742504
496833
689163
813653
377156
666591
562148
946246
850183
300239
472334
181668
322952
183143
372422
770283
771972
521494
803849
715297
114991
606591
468613
966433
379741
381314
554456
430242
149712
171296
410488
720333
515173
118510
664754
582905
936526
194008
890974
317537
821426
147542
372263
715648
154753
227742
303273
592108
354433
513145
352789
783387
281483
143075
760439
803059
349940
178015
993036
948078
433872
227229
232382
720964
402985
856115
828743
177152
941258
658094
184320
952522
751123
325649
781101
232363
768410
609786
570632
825060
568068
743575
741664
598572
563439
997213
325119
923553
756708
679340
362125
172541
512268
881022
801680
604428
793080
708908
917681
998940
412000
306811
333259
450145
905279
960184
162046
555976
861446
622009
913888
730121
507783
640746
367350
265002
777578
524347
208991
663255
771520
513117
679724
598777
727066
447515
329845
998094
228919
449222
936336
704111
665831
378666
991608
513553
941397
229364
457158
344191
498846
320038
275418
535290
827240
894146
342418
296865
817956
992014
322378
153112
381679
520910
632050
390697
331127
451493
146062
463761
240731
338395
734029
253879
579153
762834
655404
391531
380971
230877
161498
847427
170683
294028
376953
768254
669988
826950
898631
374539
418418
375057
558726
143381
565387
808604
338406
313359
482629
449087
535678
746188
314796
920256
676006
486427
665662
141666
489670
181531
602994
905592
992636
396266
355624
828185
939424
767489
393505
399977
716765
241808
712290
452625
947166
611053
829596
805506
913150
278202
257870
616818
577723
964581
725649
712405
481359
982313
921482
893339
167198
665192
615270
998410
939918
322597
780970
704371
547257
631687
663157
608682
851877
675548
679606
443706
122443
373574
295684
897401
852357
166376
387602
500616
337888
777789
878582
347407
965736
897222
508258
852144
881001
776129
988226
109155
904098
238228
340454
670033
774497
515417
165321
164500
914368
905594
615279
325096
576996
163940
352176
779594
132742
909514
898533
450609
669804
886576
533958
659683
652138
810204
988833
141798
587602
922815
185539
284426
575835
561178
113699
829598
478865
992140
514816
248773
169870
336659
933810
183306
683874
712221
759688
472979
262742
384530
225106
339911
685483
807626
956744
585775
476400
144594
450016
718838
999727
665324
243879
474326
686984
868775
631124
120408
789415
125283
564656
205609
545302
701548
881623
621193
228007
670014
696890
105533
672445
158395
355641
711397
305725
364719
319694
614154
314447
696077
864472
336162
712982
309036
657634
846746
675845
602362
182565
408719
150295
405026
100566
546500
194611
409589
989731
229731
916797
585205
860498
214916
441839
684595
682026
578009
849864
553599
532995
928120
146491
124401
267989
951114
909765
335917
843786
555192
735884
406583
520987
622617
456454
917224
323372
938725
321054
359871
475894
272467
199757
352683
297346
756099
701041
874340
381557
851196
836070
656365
942684
956158
142799
775913
427220
823544
461308
779310
845879
184385
715800
363278
727851
419428
137408
866247
619691
835387
989308
918736
997520
923717
139844
461548
640940
587435
750272
926190
225632
218119
703782
178781
804906
818414
319867
513856
899463
177520
523918
577052
245515
215030
112742
210833
158023
789054
165949
886210
736605
827638
710178
388935
234810
712148
218705
338755
526132
766014
245081
239722
285758
700741
602005
651498
225753
744564
730068
590043
771664
858837
457890
652926
844054
652418
214874
179848
857568
522575
602531
949791
787517
656134
937071
873175
253552
341826
586028
861410
589646
722713
104653
866673
890098
581177
593353
830194
626753
577157
708851
524348
526375
649170
196817
825504
105295
704284
880650
662405
378818
568724
947870
167743
917773
736116
775659
976972
528514
972629
197126
307367
992793
842421
462584
116341
100481
401321
654374
822523
643791
661967
799871
831907
628555
653693
557618
927160
400342
260998
300190
836736
292144
451290
106530
892103
966543
654881
789088
577386
633862
311868
963916
342635
275915
460677
134074
576811
582244
725841
870913
833012
120014
955237
507521
611477
416144
354088
310461
580882
786569
821039
676802
284283
354708
591677
734978
489571
695833
391673
458121
295858
325227
685278
549713
138274
397463
723036
278480
593125
478397
603697
767257
745198
903502
716901
822809
352577
364982
629257
572300
779463
752419
331884
793794
118441
166615
485853
555159
574739
385891
669891
187319
890322
285554
707752
789263
363154
453882
291732
510574
350934
264884
135443
971829
187941
949550
695598
156401
118844
226356
373518
929651
680720
628323
257791
430461
872182
253966
781811
247101
292944
428917
182095
480701
902581
972580
446845
993692
356570
806274
246749
795563
172877
332667
132056
836566
335670
816702
927442
234972
544148
392392
934612
843621
558697
856745
184752
440928
452544
593809
233715
363260
243419
898501
247792
260098
367081
705792
461230
753028
630311
104850
607421
399287
728678
222076
935272
886119
497701
763576
369346
708451
853342
489289
697608
510609
893905
995695
392180
499605
637659
765595
615956
888122
437616
221920
250392
745361
910189
770399
354177
970012
395527
129845
863151
255433
175554
636006
493912
335074
636829
785562
474232
600883
639797
576237
559639
404255
846187
604027
161699
780855
976895
388935
750719
128129
804686
975120
656939
136188
992327
666465
945491
925807
968282
871775
210730
507185
909761
508136
836250
175845
332969
571555
456661
899574
573906
324066
851014
943797
812485
118808
374152
865367
404701
995365
148024
908989
468640
159374
176787
152422
664257
256065
363424
883614
176413
743585
104377
574050
695431
778987
644252
750755
556739
979811
213257
205369
494542
895784
484551
932677
878584
740270
910274
308649
232883
762759
754022
456934
649346
361902
889363
358741
373595
102649
461769
850781
558282
151287
359511
909901
872433
946529
432955
680144
448399
232852
544227
491184
211209
390270
657104
754367
258238
769329
737209
299151
465271
914453
436568
865899
322850
873099
643593
807482
991433
532873
441785
782356
679398
105277
921043
239644
405763
861466
362849
281017
375457
745433
174903
287902
439112
819035
473220
562067
794585
711687
238130
130282
181776
555335
218274
762192
972175
688097
876281
695172
520511
662367
964322
358889
337484
538167
638335
979896
343532
212718
546499
552567
409104
932021
463260
327191
810460
855679
873646
326514
413694
562605
571326
195132
606767
521435
287070
803268
941882
807096
391203
864378
774834
190987
102771
662913
334002
634449
309189
951179
843707
438967
830762
406166
581586
348919
260549
925128
682043
712525
137899
551200
549852
910944
523233
516220
652341
223191
560260
788049
156905
857124
707650
137284
940354
991744
695167
642943
957877
780780
706045
227105
443164
605871
607802
782503
105234
371007
741667
804686
795503
682714
431882
913795
996693
545424
780933
968409
619723
838230
218400
125917
124785
669457
246537
423205
341217
814565
614358
143359
880991
434520
986330
259181
725216
248987
219549
780348
265294
739547
154181
381708
227313
129412
524930
646066
645366
223643
493017
765484
954597
231785
875707
627700
680490
403734
365756
352054
582804
800504
417365
999291
516387
515126
929242
576325
579903
352629
423247
164082
876981
681185
637543
910890
336059
738711
980039
112033
680914
601529
756318
826435
498158
521176
894984
800692
374958
405249
669005
538921
390505
455931
274899
984467
994785
399995
677255
712135
716114
957314
859740
682110
226015
245033
322730
479429
560627
274389
211215
458876
706204
826498
950020
314283
814116
812393
306168
581491
309617
148422
683171
399166
318979
786956
282362
432262
743916
379786
244236
726441
561406
319920
468453
794906
135766
170454
123242
342745
163360
895897
391658
382733
469944
662323
698783
622502
289432
797147
304482
540909
852348
578817
952742
869834
941559
957725
755199
411646
127951
763072
507981
643020
273287
671542
203511
827653
882987
894412
983811
273508
445933
686317
427186
875853
690383
722992
788023
915575
264502
466552
338436
620407
745778
629274
206588
910408
515691
887029
527267
514732
731561
701787
469355
369087
203232
907462
298942
652243
691812
619068
558831
279243
307410
738190
394725
273708
913896
156241
351367
768490
940359
170766
105396
960397
448834
664664
241243
110208
136802
904987
210521
555496
628633
422009
520566
522607
945912
744899
473668
216366
983987
985410
500702
296161
546902
197582
500291
303220
587345
656473
363503
385301
566017
522042
927495
641234
288428
619474
845656
711329
883082
544688
427832
345433
310235
232156
449875
501473
141958
666529
428063
695643
660380
695205
183160
189113
210439
799431
106904
106484
363564
392834
193890
337387
395104
855022
686220
886591
782518
929191
509235
308461
216293
359789
620242
702039
593063
744781
640391
128901
711767
723369
388586
800686
893258
915668
734254
612092
669352
909598
143465
558069
225961
646012
156599
771140
878641
918612
876394
117949
491020
719804
926036
205705
490653
660226
569051
414042
501856
477488
326521
612885
965111
401101
346713
261827
775010
628718
798040
230841
541747
187880
100303
727600
158983
537027
139495
595035
679440
124263
484616
614112
517596
212071
282299
575964
996812
406558
369091
249465
966997
679058
398588
201036
607413
452965
586273
183399
879982
134831
988649
692950
484162
230967
404572
405248
828530
392365
270290
877197
147988
388264
131028
829628
681137
747705
609718
709616
897805
370380
622951
535165
835320
758745
511751
366548
508610
656230
906251
700571
303439
316913
534033
446091
398704
151991
897772
855391
798620
369103
879167
474862
107268
589450
229816
545476
198710
611478
672218
400782
287239
605511
875624
337056
119321
625403
131381
711208
396089
364999
697740
405285
389210
306566
537967
402494
327748
359070
576877
437526
569236
963611
522579
579290
480647
387864
192041
709127
339439
406227
857055
346232
384044
758257
761068
247394
603723
177089
510119
284741
363452
749088
460184
283356
695169
939750
958376
346939
750946
187781
213765
679037
511315
940541
455019
546521
136441
875505
392206
961645
466548
712601
104395
617395
454050
387624
239232
748230
100977
124272
787612
201313
141475
641203
552170
124151
147956
250231
217443
801721
500469
506044
448948
747293
490158
278896
227160
719379
201272
580218
207967
634396
273438
844049
224105
577921
602712
390353
306287
491039
772776
879700
261125
373340
507337
446722
464269
452834
794045
421226
900883
338177
656874
449917
690108
977869
516855
454440
775682
459550
685696
730916
337631
186757
519501
885343
654649
484785
586081
160909
573325
690213
987621
308271
266734
868851
447832
530961
957014
882321
101277
197640
613018
210284
562756
845824
278132
881626
127332
881926
156368
148447
618474
677628
676587
433091
140798
726342
931533
667949
848688
149015
114274
933339
264737
141542
185100
247104
847954
701953
195684
315397
659155
794630
358274
851887
946367
898541
850659
572487
330786
324360
152246
273785
316567
320449
754615
354020
550054
232701
977133
200640
542424
576706
409929
403741
867294
536099
607561
973731
585479
978113
876371
521372
925314
375601
450350
615881
286740
162865
473988
812209
857068
898414
358984
714267
468458
396400
844769
672022
840769
982823
480707
112458
108714
108706
602912
507644
928096
398503
193452
905533
962180
923487
306688
537389
677581
653438
417663
797365
651855
980561
864965
822731
176823
646515
930056
354159
739859
640295
929030
507954
437481
156666
617610
130152
718327
197197
697962
291925
335723
485200
303994
850339
955573
155775
111662
713145
111256
949469
937943
236947
683123
935870
555455
156449
867915
901720
263296
427666
337393
941021
846703
256119
209739
978644
300874
342817
917470
857422
649020
983317
492826
225765
635913
337608
748931
167133
936207
992282
738182
676138
501271
434666
639968
382362
865317
661602
737296
493848
701738
140769
440855
938641
788516
784158
296320
668263
706735
695926
805374
450997
304471
637738
384877
585194
686350
156938
560873
894253
737014
293786
369695
592774
275351
870874
831076
855802
992388
626476
399499
817884
752974
716856
417766
902806
710930
610774
766131
973094
658868
492859
437180
739120
853740
427860
840265
750494
142094
841117
678320
541978
257524
701484
875017
323636
773691
635915
147695
815789
817871
323843
751219
569965
281974
964870
667897
383544
864751
405261
706863
362232
732402
630196
285433
965215
551205
975554
342583
839696
127244
432648
646729
558998
692177
672209
566807
590207
193732
711224
572688
566799
787013
677820
579822
701796
202496
982113
883301
152092
459583
218115
507721
572076
881425
889589
207244
415677
137700
745420
987731
180333
837736
424571
544415
629885
921721
534539
906298
506985
491478
825113
825144
838082
589640
924690
768213
274288
289023
443444
836774
407999
663718
737964
190430
772952
978969
551605
903021
689337
657998
528995
927062
364356
187306
302757
603473
503820
732030
471519
895273
425287
762468
647917
912588
356241
975883
525256
337408
747196
944635
560443
618593
227230
996962
343733
143430
796298
230279
134050
747672
866200
991083
441012
676015
196475
797039
934478
425932
456397
436515
219461
958245
462837
133788
791997
917283
873066
544154
391600
121327
863435
402613
982453
924063
638574
100164
681256
582058
593352
742840
110034
901719
311023
876604
631028
859503
183021
218812
143479
182804
583891
525792
790104
946292
132853
612382
279378
376744
206342
313028
783933
676486
374092
676835
678580
753993
790537
741199
552375
350599
876418
300124
487653
706425
804369
832978
291112
788077
279069
778386
699704
401143
267829
920000
745451
764802
152911
331893
878092
265002
382580
148655
481131
361516
776408
924649
548616
141096
292893
248420
595533
752483
871883
702649
627597
766571
219337
454177
413168
687935
210493
329976
979350
476119
576134
260459
551680
482627
635558
487112
519966
751451
270153
833484
114571
501058
644594
771684
194169
511634
384651
239066
587921
201600
378247
880821
950539
484410
266628
839913
637878
474664
271415
482748
289955
331632
250195
903422
731415
423367
901176
156503
958725
812987
991868
718835
560009
306513
476443
821432
674792
884991
558717
994701
677777
672225
730056
453407
963943
648018
639189
257351
760264
537591
770628
960038
968777
542161
381598
951524
143669
509181
918314
879314
704137
386750
324006
938633
383541
963607
607115
730173
751486
263578
216705
393569
714337
823958
584706
357041
423706
185115
570391
503762
302430
902347
337676
824665
854961
689337
889311
929128
878291
532078
393316
993514
742894
408266
683129
721259
298338
716735
491128
832265
371457
111910
764989
901855
226698
120004
202621
621640
197057
312839
956375
646790
176500
350642
219333
469798
227983
254187
131414
743585
320180
849524
883828
281433
587596
949906
279304
856321
755705
435290
562817
594812
776194
545286
871977
691319
345304
460540
480491
318079
605616
324869
851120
702884
803126
419411
804516
384387
555668
777978
910210
298486
458356
535615
612133
919267
951236
554207
858465
694536
613082
691712
907462
475870
363938
276271
984623
884425
666194
911164
205622
975597
797254
402263
343995
909468
694660
303227
661761
355419
562337
152670
759007
687405
328667
731931
389098
452360
365695
575042
414078
760209
187950
624163
132241
398227
185760
527869
729213
876605
249165
936520
421483
227777
495220
323957
482271
731575
138492
341951
727731
491217
229562
270432
276873
675645
890007
131859
380836
114852
947125
679218
952699
164224
721663
124631
996020
320345
241141
339947
105033
197244
559633
269770
830885
868528
180278
398449
619079
521881
380883
626267
130763
910799
438993
440224
997798
337577
115245
749316
262010
884975
897167
902685
297264
429505
145928
714255
673536
657277
980908
819179
195056
899393
382196
680411
813690
465133
596703
183545
799429
303128
745199
174257
620306
844056
308660
365335
750992
331492
851957
502436
479941
876829
748701
366973
122788
783599
439775
344295
271123
432735
415796
865256
748248
978017
794690
866276
143459
893613
133349
379594
210111
116116
429075
122707
230010
707580
283451
554065
595763
992841
139740
399949
200618
491747
627440
334772
748057
799899
728741
233745
520747
189439
994474
509880
301920
165695
361037
934181
470660
914103
261945
631219
699366
552403
941434
618340
898449
611879
666350
736363
469818
153223
517305
963734
861056
572026
950935
797732
958739
304236
906487
557132
467085
596443
306177
740930
462000
698279
977493
787125
811748
552733
970059
813508
577947
159472
702810
892233
149113
974904
881296
426027
458623
287041
793291
370505
306897
762066
278085
409627
178170
883360
435511
358361
851645
802948
394294
486670
471532
610942
642657
195973
888956
590812
429735
687452
362713
398771
323522
504165
810115
656885
354856
343284
481191
340280
376646
242110
585115
796816
115794
948601
917426
188804
168489
307156
767931
101978
879042
414311
425818
454547
698116
889693
886784
440350
244350
765205
144303
192127
170385
733641
399781
309452
178313
369960
506384
307609
587974
698412
943243
934460
933199
600548
683336
513882
478834
433163
891981
983479
758631
942619
493211
165593
757095
956603
921862
631311
717694
966973
482381
427054
201665
210873
639521
525867
986265
662994
278095
175038
742999
245695
602220
123362
954807
457339
120090
822642
856247
822856
818823
136822
887031
246486
309611
809445
358360
689709
712476
465898
633000
413627
445852
950406
724381
727004
376875
949977
666378
551901
264621
480721
526271
953670
705117
261727
412916
240789
497253
775167
221667
217360
261205
859383
552694
236969
517371
526839
783834
427910
669709
564097
541188
839903
578706
655831
871971
711133
260084
650557
854728
674851
380895
237727
948081
343749
908908
375941
212965
460730
386164
540130
813589
301167
786943
612344
879614
787674
218846
877148
563671
823483
574595
798636
662716
135937
729149
582823
114210
944304
507024
944113
962454
469834
861753
150846
983573
944371
550856
688413
615162
955816
825259
217507
804874
785133
252180
909955
913459
622114
446000
503848
115859
125892
475536
290940
341491
482752
192992
613960
438062
263671
227559
624136
382681
142995
220306
675610
279519
459627
174291
455828
680503
980389
772831
493403
346255
442370
409344
340722
844990
665771
628862
333026
482331
118712
807920
566535
608160
799507
312071
392488
976618
720422
914017
825105
211578
168363
353703
104792
891561
916974
657025
188745
705626
769856
987663
819566
264084
510768
548491
144231
404848
186721
379431
460195
895713
612184
482828
945082
975858
882290
708650
266560
496892
836480
328943
300264
915846
202171
215683
260166
893835
191402
476336
342068
289366
833135
529548
396189
140391
599971
638789
971773
302998
741220
502410
231726
317301
349787
694980
404193
565735
299618
833114
150534
869108
221991
667439
792908
444727
414090
906005
206366
982145
602414
445499
469619
941298
683723
259283
539022
132128
473030
272111
240967
483771
801492
617024
539463
499484
405219
663612
835452
800715
104339
827030
261482
413615
253349
861085
483559
993547
851535
680654
980622
176740
951396
736335
615145
893465
363469
820957
685784
855591
954058
127087
575168
370857
393649
918221
608188
645595
875975
396369
908216
583989
748691
356996
597175
583511
162213
690793
203768
682579
914755
894310
384370
100585
250549
121972
412764
552580
499045
701392
424269
637621
533323
763800
121449
412663
497493
319973
748773
197038
231354
594797
172320
185564
874559
236797
965659
231298
970792
517605
455786
950780
537831
540222
387306
650830
544173
282862
602327
983402
659486
973093
791605
878211
575174
188294
757050
989491
861968
209801
890106
746740
619484
869916
763581
316973
439571
162843
792751
804806
175738
263321
279076
861206
540074
416284
825494
332564
850741
148462
526776
662316
148481
309530
807952
156162
500604
420360
653148
308408
357765
988214
548452
642581
457818
712042
720508
957099
939381
757537
785989
235718
407630
341723
424405
160010
562195
765569
379246
512091
525579
910776
315394
427263
460706
765320
455248
521570
271396
962045
998511
862419
510923
400588
154672
266845
560162
845574
893680
288932
784797
310703
154199
799544
410610
239913
347506
708056
919553
379787
600432
386741
113378
925983
720146
578530
575506
641462
832137
736135
829402
560373
575575
559023
685526
921573
643076
181779
264592
273029
684862
319191
580177
763988
393458
831895
884402
556081
448775
158860
273950
314211
328521
131662
795457
257154
542246
381897
421773
691975
462921
204798
902929
719712
523611
906952
817680
817150
593112
400721
609665
336758
395019
419883
471757
435077
666278
536470
545917
234335
406283
922875
271019
866821
187565
958925
524069
320403
920980
339254
224056
508048
453813
147547
296032
565643
940201
399604
322588
230016
530172
102292
208284
806371
731800
376022
742091
404691
735133
745477
931941
160438
887293
814159
865627
632103
256718
813713
728245
268188
949971
706229
391535
958096
883956
777958
633072
967501
719963
433187
317379
398859
710283
107386
438737
359359
961499
313262
635361
148039
870211
787673
905040
479213
298111
654547
201811
928888
688792
405002
719474
505925
323535
734635
388674
546505
528079
131038
222683
858912
535826
342053
451086
998108
435626
367135
245809
196612
823640
737230
636929
331033
437612
338100
439593
256547
373448
421139
750461
558165
818639
369079
845230
924537
493224
754836
462954
250657
337762
489605
473731
355159
547856
524348
821903
323333
439281
801836
508075
211589
762636
344682
622587
977339
925174
656747
910334
752533
604146
340971
906592
376151
827381
398793
764249
659463
590693
739426
229656
411658
702078
910998
815918
388921
254789
159552
104570
794772
529297
670538
795853
257115
173042
611974
806034
808184
168473
258428
363012
271117
327213
714869
970917
384139
522082
153805
956217
181466
672367
216024
475138
464881
220114
335308
970642
100881
208101
201707
218987
270790
560302
947739
296663
188518
954377
755097
196375
223962
541129
466724
154542
128502
926496
316432
619509
972705
860560
849613
232945
459052
310359
529415
638877
774430
102121
899977
585317
144931
280342
622084
380157
868110
392337
132618
651255
225112
756501
655044
899266
446448
419413
989102
999893
752312
276573
500129
629460
219123
484386
661632
281402
451641
219330
164480
222831
376357
604080
555985
276533
909946
918900
493076
784943
287812
432316
639780
928779
926705
787786
832458
610256
893378
224238
846565
718845
237723
590509
713799
863168
530554
468752
852755
184330
832838
177751
482713
746295
503481
365803
314414
695908
837862
939900
451282
770495
462543
370422
890445
433081
907562
243735
305965
766944
541621
380061
858397
737331
429064
170423
650063
849223
246791
888846
909319
836399
117779
292705
614075
366084
542953
612076
399011
721607
976933
998690
944634
753178
560673
987687
399278
571979
917784
638079
248126
387265
251627
791223
984226
459120
873647
319051
583794
457383
178234
571755
600563
596130
783625
787240
930357
988397
289478
356639
109696
955297
251794
414938
301419
324933
984554
844907
937780
726198
415162
637744
150744
877708
337181
628944
899708
886287
138402
947464
801170
806774
935961
153886
353710
848196
258852
455527
731867
999000
547836
359887
529609
100469
979412
118287
344270
298323
136846
972681
682988
754184
368840
386462
407058
975565
378501
859289
146202
623258
366297
514090
147759
244248
381958
925108
892785
755669
347293
258085
712590
750076
902591
112981
371731
170337
769002
618013
656777
932437
806403
922966
746139
847889
643170
769561
273633
358158
253955
944599
624250
360198
867716
958543
915372
423476
535345
430158
324308
492523
166406
593814
604381
700590
133059
387562
845704
463460
729217
815017
418210
159078
732931
955976
569203
188381
815190
320839
501575
685795
735853
333084
506803
147583
332199
120308
297238
640735
649229
721102
322901
807834
256601
518827
810088
469274
544931
533182
559947
273199
320796
308690
855947
506048
118748
723670
258720
421185
644680
748868
219219
664245
153378
810388
246681
968191
256674
199089
819518
789379
132021
166829
819135
265103
246408
128682
875647
626484
763604
304080
569561
866114
374236
993401
289200
450856
170552
711678
405979
951668
124340
599389
336059
745132
987327
681425
945587
315997
316034
129075
713664
380791
232397
955592
144319
793597
960790
448406
714620
838555
117837
245462
256773
632389
611608
939829
986993
787848
192900
593055
185976
218686
973349
771131
930288
828774
875489
196307
114930
216575
547272
823564
858075
974501
525282
820813
204398
795934
110838
101988
778674
470153
802168
632710
479398
213008
534444
451806
456025
717529
427050
201676
515723
512454
415587
732165
684818
236443
401900
434648
742231
855665
420729
874674
984509
521748
471625
496573
291808
239744
508029
662727
498113
419920
518620
123484
740026
361045
728695
726029
974592
997691
452905
238616
545561
105549
682002
148814
459566
312757
903875
960237
104576
115211
477055
479933
648775
775344
437168
230824
763136
117423
636385
904660
632299
331200
106061
869806
301237
139881
988710
282941
319102
659682
542207
194410
415417
723997
896664
140856
493065
863297
282728
568810
853953
985286
187939
700713
648846
400287
566230
130542
429120
712636
383490
939028
592546
639324
656876
974290
465159
331596
408317
425005
854794
672584
215961
576873
278961
504555
270825
820492
788787
589021
101307
425761
483946
362459
936766
871848
946853
959708
694119
105623
617610
192621
448127
332669
140859
402390
487254
194842
905338
214789
866446
579675
407804
366312
135924
888727
371184
280863
679730
464373
971401
273985
386461
519286
973589
229917
924567
624040
564782
776062
565522
220584
765687
657121
303167
359618
212796
649974
214107
294707
490168
102490
501843
607619
512149
395813
444831
308314
977459
190848
696365
785129
156470
174331
777160
794734
287250
687522
566916
308154
942572
387668
558266
505629
842076
830261
212145
955728
157805
860242
518058
614358
509206
761107
597677
102666
724708
363693
612410
464921
532227
704833
475311
388406
787267
564510
927283
372613
669083
951747
641797
645723
230220
809041
243025
522231
318185
497394
573494
169314
100952
691990
915420
524509
405175
480266
789813
464096
204433
452379
500462
649335
698419
147323
619396
837969
944193
864092
636847
612919
383086
621345
354916
950722
653764
719674
700717
191065
322200
586102
445232
211377
223321
731855
346256
738564
399270
910970
577449
823435
501313
891497
605995
691292
293972
649305
600358
311174
207525
555271
536529
657622
813528
593829
847277
398584
627573
763955
801421
334417
283988
847061
357154
118449
286473
673424
112106
446404
615081
153420
264076
810750
818233
342269
622367
855918
173286
154784
881259
733504
318234
963098
422365
177050
183556
510019
321346
994009
933844
311349
136557
894422
173480
125493
561225
153125
221759
780131
976047
739897
316249
855013
547657
156926
551749
645660
504738
853603
359337
551891
218671
256558
686580
935518
537781
771682
402155
864856
235474
610677
708896
287558
123560
796839
926503
662202
857864
428523
333955
732670
995450
953091
521768
273926
388869
210719
798209
932998
424251
852153
463990
206025
672349
876328
124686
516901
619900
648647
706248
858941
496420
662194
467531
571989
491504
139676
175215
589995
227624
959490
540650
424829
494759
856332
343575
724788
716933
472960
754803
632061
107847
652584
622527
517851
291107
313642
352208
698493
459805
234490
559259
789357
650835
930152
597957
371226
150715
210722
140725
588599
576226
275614
589122
252803
932383
710016
370957
719611
439735
971284
223170
834628
685709
302685
913259
596089
432329
431880
637935
911980
470652
501233
896448
461090
495492
648260
552907
326327
929201
372297
357084
966017
423540
326739
456388
736950
965884
702209
831324
363735
701359
215353
889138
648216
926820
836761
920005
393145
201276
215398
839408
865294
513228
800301
194866
234835
365481
405109
412541
438386
367788
442659
301333
852378
140828
783002
849917
892710
447531
538625
127840
802749
319995
684304
851140
932458
866638
449334
752847
595719
784832
290807
405457
753013
158571
526036
728010
887193
411936
405386
175019
817131
167639
677475
832684
877875
318069
412806
631620
706082
885749
519106
658838
670704
589786
963874
797339
425059
468630
463435
896667
759603
364280
561743
753410
433251
313395
408557
348924
848274
561970
281995
190878
810559
170569
818402
800161
367591
395192
168085
791345
506473
891717
224494
335761
696937
511734
657825
406433
430605
882956
658778
621679
771887
944540
187390
469948
656166
558714
499816
274685
998460
271745
679200
870089
902546
734600
363107
495265
670978
531499
817681
400759
381695
324831
334913
592050
248293
769162
251115
626744
628643
696090
546050
675868
565851
232430
168585
688278
807906
131429
242002
167359
735541
153636
482428
595490
982436
861835
460586
683139
875581
787502
265420
786500
577939
693498
646119
557886
857262
344856
361337
788184
642547
414022
914056
320102
430205
460201
557308
898809
814572
932895
568722
542349
627037
476092
451197
976817
259120
603906
429453
283455
271173
119728
998706
675716
742667
654241
936373
548811
857784
751214
433278
619257
414697
151043
492142
375421
390179
331114
482223
419331
157963
663698
574282
565640
504424
727791
812865
164520
547872
984292
316566
111123
597264
114171
375717
901692
275233
480196
681206
957698
400911
997297
859169
947983
161540
198796
437645
293080
831500
296388
679039
596895
883120
222709
623758
209272
890732
309920
819721
149124
518088
145504
909536
315586
281638
337431
593250
528832
545069
666401
464965
660426
425646
929819
214433
875018
732797
907054
918177
698506
413679
887103
160824
439171
936192
914341
616984
663967
239157
657176
974877
163562
755479
539305
893348
387821
343355
967568
781076
980377
331915
879954
593265
212061
359946
165917
850943
703903
378033
986243
459228
894823
809378
157368
184279
612187
791698
527301
457890
326351
465446
776618
332487
373288
460540
681080
968406
507527
984986
691629
807876
248882
301859
327708
501502
591884
857300
330829
558320
825208
970092
286450
846915
879870
441574
297547
906448
108827
308925
645018
693108
580062
909764
261839
320703
612224
166248
451019
716189
802421
827301
829768
134708
912187
130165
398279
689428
856230
723781
691398
295023
303346
615040
379764
359486
605919
405333
205015
528578
320976
895701
219649
324603
309613
303555
752687
387448
587027
144185
107855
649828
949599
551280
924350
511721
966843
457158
927313
641728
850707
147790
461297
682662
158393
598339
159270
815748
108713
236708
888743
816204
445295
804514
349989
476739
764562
502465
943903
805846
846190
654999
817935
384370
609652
927133
253925
409925
649019
406506
147460
319256
360839
902184
663653
677585
933193
605113
785488
571367
715125
314160
496063
158797
858118
164386
941381
132949
598226
181222
932695
607439
835314
541615
661477
398742
664244
619608
108180
505917
633200
875168
830921
387769
345117
980476
449166
137337
798859
445506
982273
114836
770913
259367
666782
454842
414940
995956
822379
193984
561157
629391
440920
271114
541292
678225
965511
803902
665168
965424
381490
536074
873012
642061
883916
649658
798775
281635
931058
356656
206014
703421
406520
691433
244100
435817
823002
119030
341570
828886
363203
817863
526277
865888
642992
782895
533464
280001
559752
344766
263658
849256
154541
935496
398812
754212
178993
412276
458043
134028
105077
347759
283983
256931
915088
671860
260092
468181
659865
102140
538908
555833
687906
681915
818938
674696
211266
101961
917957
477717
433253
781746
288888
389338
715113
310917
315407
983059
473277
743524
232989
472617
376530
294241
971115
446138
190049
744650
615323
972406
712340
169321
173718
885568
627317
526886
728445
198575
968135
103568
589605
370115
135288
585887
465047
867475
128807
160585
886771
245995
837387
574367
654957
806245
499536
234047
650096
210956
835425
163989
812802
483864
178951
693480
319468
205309
825323
200742
318721
742935
274250
467342
410964
783499
981186
347488
344577
557665
777676
159973
661740
522997
416558
856571
611851
994146
769036
993690
461908
699037
507775
622691
975852
559165
928069
941203
330977
241912
369477
161758
603274
187314
814466
490704
360406
766893
474270
132739
976357
878515
941442
173450
312082
352986
700804
105066
128161
409312
579321
776273
259312
996324
811667
976112
117234
630507
821686
915802
849800
745061
578767
178505
677328
971181
104383
706659
368506
721374
438860
192580
487471
808736
964737
770079
973271
475529
850064
232740
138079
618245
100777
577523
404399
225357
347530
301609
821272
395087
294409
330832
122067
604471
456540
780843
926485
777022
452741
429823
726660
852284
664649
172918
129413
792072
177096
748369
601023
470868
320925
659190
754001
180283
934697
809560
548970
557043
711930
470935
319865
770630
873188
985589
445747
695540
746176
154631
826004
698424
592107
915358
374579
941682
674216
354034
749113
163846
308883
517678
692951
311677
690262
412641
874467
623625
416039
351889
703671
767023
432479
379058
129354
774101
941665
632153
131580
957382
736408
970991
922051
788843
657109
189877
937210
991162
183846
451190
641167
965877
407254
961449
321378
110081
963070
212678
141006
937613
484982
217395
256193
852516
978893
138525
770905
623589
435696
789813
866323
823100
720677
789483
294603
572742
608522
583174
991202
133172
366624
234149
193907
667951
557386
369539
349144
672113
139685
892095
512747
691166
515042
918957
284511
706957
140294
830529
665834
789778
404537
651351
163926
900683
848582
492592
676379
134442
188394
966612
288156
934223
447784
575708
200181
285723
201916
402741
754186
245919
801455
905168
521650
123168
109580
191025
771172
371604
997322
804507
404165
121457
474754
119231
232295
726944
424447
770809
289907
920278
183367
544424
825172
330627
868324
991589
943109
257501
100414
463286
318625
767900
194702
564995
381810
770603
809173
558471
146835
698360
936687
509578
573187
636631
387122
806839
163814
554817
630513
467664
906394
423544
224994
365720
829753
609655
522382
120907
591630
566876
409001
144345
239300
617366
578231
755632
685783
132482
275140
652711
620215
624013
784280
365829
816394
195496
888880
152218
353596
532647
548328
673177
252600
485800
974925
397397
168037
655755
795624
850490
108793
130258
340409
506430
813145
688006
132485
432674
343430
962866
403296
529453
557997
464939
848747
475407
326910
524582
799675
358493
540083
422379
656107
648724
547696
971355
423712
361061
476625
440013
455082
717570
692676
428462
961482
451221
497080
533858
567721
554409
677392
391554
261002
547426
671548
894962
588474
230700
680766
562312
782924
408101
115297
887720
754563
152714
574674
156397
225663
645692
167526
340304
525051
136522
126793
117823
481152
207659
257051
230751
997543
869279
647518
264897
750958
934465
593490
113512
744607
893037
776785
978369
345676
643435
646743
598070
347162
757316
254867
333231
535716
269655
911999
187740
573915
574599
990231
973746
350846
308880
578044
225679
531462
746388
583807
866467
621540
743153
903559
381183
436163
885069
609220
587671
347654
490183
598804
561474
805451
685357
251427
957950
216894
231619
672467
442909
584909
682385
110121
249776
612343
125965
472102
611239
460663
364540
765436
532203
679132
811181
670242
203039
447087
462580
239819
628543
213017
570145
682434
482320
398861
230259
204705
804090
515095
474617
813802
839583
721841
741635
518749
165160
681691
532378
979076
115553
842177
140362
449396
882699
358937
856757
448709
476663
442808
435240
803257
844230
169964
151784
661631
856783
133539
924446
705445
250858
911191
989025
572421
847043
632490
748169
558900
578501
173144
189981
404470
603973
149331
581754
863825
261878
933492
826209
570695
615482
492954
304955
823620
460077
389717
697758
573309
252290
668302
960109
559145
157099
690457
765311
500704
783403
101186
831614
712525
515187
902587
247262
952328
227578
562818
892900
529529
799248
677800
657294
980218
174013
429179
339321
830336
106260
661008
278939
174947
386092
167776
720679
403689
649401
251562
388021
566252
412423
391336
879087
313659
166263
995591
646557
728574
227822
750635
177053
331044
109354
959896
953790
907629
543391
354496
435286
278194
441841
575645
823899
187028
741401
246273
326047
358810
817335
520720
229176
868958
981330
259633
569848
578503
892035
399387
282423
362914
329689
754688
860406
502030
332228
345310
146609
131195
973121
639533
493275
604680
109268
618647
682917
348874
492833
679446
301636
700603
814462
603244
470173
900782
507531
357305
153324
665684
789610
914109
739445
455415
359039
726269
818478
394529
500723
550494
282988
424553
137449
657700
582621
419649
210022
481681
492558
509085
256449
966183
820126
534554
813786
962917
526226
559047
690700
768384
980067
609688
361461
791202
891495
318771
976584
771768
541470
515001
890819
664995
979031
622079
860663
273378
188580
313396
751441
131273
516715
166980
113842
267234
444891
901972
341564
482860
534471
824198
551045
969992
752767
908092
164443
112002
131981
127456
546964
342990
780974
755350
408229
273792
161687
868776
620539
427742
194767
808769
988743
158846
179332
687518
208031
530013
164837
841010
976393
688071
686866
199537
364369
326387
728781
978982
931941
400153
556744
965268
584133
162155
852495
633067
146391
633819
880924
524294
431785
970017
361483
406932
377372
258012
565143
433071
700987
310315
520876
679726
204255
736972
928406
876803
668374
914856
685264
488492
504268
228230
114418
325461
798922
261650
259137
969413
594327
626567
296289
208835
246020
102464
612592
288512
698596
161142
674864
741274
619614
477406
252091
132146
129141
848374
809856
172491
891049
233927
566166
283269
276665
394002
514696
184850
753236
799320
933502
779888
539707
142533
871838
201997
748328
973856
325333
673172
382163
305591
356871
970620
287714
501084
763057
736970
592247
587455
596728
324852
402489
645905
100896
938655
632438
110707
368878
825999
225178
450289
301228
986893
675645
148253
864413
305445
870581
723166
270910
577624
251542
724679
370596
784865
926224
513233
139489
779597
837430
661067
384552
929544
791742
416489
360243
855227
656655
106319
550953
568388
366933
160146
908466
314987
756990
560742
339069
718594
454418
574492
562780
524473
996771
291759
773949
417388
809086
839981
938131
557938
899101
760195
273774
406359
390337
733895
226854
791694
489941
992474
338912
462567
373550
362801
837654
902442
468322
642646
499464
757666
855500
183584
610088
235395
758953
541834
264582
783634
171032
353615
691568
845990
676555
496086
684802
143473
159364
358182
116325
204628
703533
704245
311370
951651
148449
829718
551294
895587
770118
282962
454365
488774
772080
404891
585512
778008
706321
107505
235723
425395
680274
969613
110785
539937
129384
622660
524475
119954
616844
805514
686381
755964
874011
191744
163746
804517
968262
152319
367049
335653
809624
862538
169033
632692
415268
926705
349318
300361
623304
573078
304013
778500
413200
814410
245853
499304
365551
636277
673688
526906
174434
206153
755218
333305
427077
417717
205455
515556
985492
265066
105887
574276
139678
326121
415217
623449
558858
159882
468622
212982
790368
453987
322435
516631
663156
514501
125786
969576
683921
431297
604623
528325
491989
787003
688293
498302
106599
168820
954928
981966
630430
822421
864900
912641
169105
690670
491943
615470
401318
157920
598578
482289
917488
445729
555951
927089
199000
309779
294340
217390
354609
593270
722422
973761
461848
219197
804763
224046
126626
170836
648157
302169
813835
499619
788289
515915
110684
441422
625941
616051
671727
942759
421396
976630
880651
555454
373445
812263
903360
912184
917923
335042
146982
700607
311969
325476
424623
928875
599303
132320
849369
564231
721538
429588
950031
604837
133517
121001
780986
858773
125708
435846
228328
898921
511552
455263
668574
717838
698268
668260
528228
378991
732978
146045
697504
776463
692525
454786
500194
314339
303935
906948
496667
235210
828691
416480
658533
577313
983696
319594
742432
747428
975482
835255
897736
766705
592716
653351
920505
344000
605125
962922
909213
178141
749146
155351
568720
598308
536584
164164
648884
547607
846283
391181
788998
377696
114219
641269
239379
759841
623386
887927
188710
811213
547524
867443
642332
275337
781083
264765
641986
161348
709892
575515
881006
468400
460596
973320
735021
562669
299646
696858
940886
574961
644836
198540
126792
165102
219971
949027
367134
303561
843734
333238
192440
472098
492355
570932
745975
207664
282095
722610
615355
787397
525254
184757
510798
394631
893277
242326
599561
784380
589447
257081
792617
970722
305743
680990
220421
304251
886056
706382
632332
131969
495117
406841
397091
454948
229779
550475
432105
528111
970995
472022
276046
273207
408608
505537
560209
653497
574501
452373
757622
629851
276375
881014
295117
840193
583684
362622
327422
463718
971517
388976
923874
278696
423316
779766
467568
607066
548117
940627
112677
778213
595599
163793
297760
371461
501996
651107
987016
720097
381053
212441
553323
912258
579022
810017
807449
534184
284053
970542
355952
558304
240073
967407
657849
621360
636692
498111
709802
486617
820276
710073
908325
200159
380704
279779
459490
965924
996944
847068
964570
533829
381298
644422
178339
667957
497580
917939
313326
721511
203451
682890
787201
221575
241617
674046
486092
577294
865121
416395
197878
188028
525442
643147
837613
528454
485099
485524
674483
643761
734223
332942
871533
766093
402028
647044
842945
363292
591829
797921
502766
799970
324856
118742
369382
567130
438696
272553
185892
339581
260628
592960
245573
961788
826930
583241
478713
756569
112839
119743
751574
203217
103648
520114
840830
214442
209535
243261
490229
734133
956321
182312
346684
666029
974928
773205
751497
808362
904137
128825
570448
566116
379163
131595
891725
957264
266548
809766
497340
142208
725093
566895
648061
455785
730565
604892
212930
454870
536575
850261
357070
992039
637726
252197
487488
703373
320048
826059
812347
581841
344134
209376
241965
856281
787244
688686
952238
286257
780805
764648
179007
969360
634787
133260
186483
925354
603882
762148
434705
850385
972437
767301
901100
609183
700339
961570
362337
118833
708619
582823
462074
897794
674459
351398
533539
446032
341124
131319
753748
810805
928583
996876
891171
929694
697040
840221
556918
982407
340359
727084
950676
453855
283923
249173
262186
956354
761261
207584
273536
896630
752940
591444
177763
318662
528008
463880
102230
323526
455532
587473
868474
536068
702172
767862
989397
444423
387170
852733
595361
897983
801410
890659
883846
372104
493133
329780
203733
470717
797104
886113
294194
782053
484521
676448
578150
813556
234462
726584
763703
901931
745292
266581
224292
143050
324937
792584
308926
749655
102438
646982
633107
275020
194410
645795
925754
196738
810623
227090
807109
623961
600259
900602
834719
996434
690135
846418
670048
486583
833188
638736
731940
572874
229047
844319
579357
119775
265772
462141
873716
646883
216650
477456
457142
351132
789685
703766
399080
435239
684710
538644
347855
463548
205476
604854
300438
118600
935172
272759
721728
591551
856121
319622
316331
419501
595527
709512
676644
523867
498668
450977
588452
648726
437177
584257
608774
194971
162925
272961
983390
699786
534461
709636
396541
865047
699038
368598
303007
786975
550336
732878
103795
772354
324558
845538
978091
520869
994004
355622
190534
716834
932155
930079
764675
891194
690769
472658
752832
639093
545160
483010
399352
451190
349808
963471
218761
434798
920358
808349
105533
569377
252451
619446
944100
142305
856760
592693
403455
107800
783872
612081
664447
621370
395640
720346
412723
499787
703254
696507
796176
225943
797477
654444
140351
695078
756129
433039
129802
562424
664036
137927
969367
108086
940966
639548
875963
138345
871286
341919
429046
783736
656741
628402
627940
641021
589343
484801
943243
213408
581035
263466
723569
918016
856970
694248
111090
662158
837655
389720
240431
341674
127444
502480
202358
103103
191691
631512
537123
989288
162344
179725
282723
399052
661290
235373
441416
654854
201284
805749
292819
600993
894646
438500
449872
454510
312593
626563
268590
503769
312833
892306
210693
308261
958078
432031
419806
445989
872582
662540
370819
515124
514683
229600
481868
760760
830770
190351
741672
201997
471674
680250
941375
576064
749570
387544
801416
905717
400188
319765
399567
658463
150962
603459
424986
203662
939297
313053
999491
790461
428350
891902
665509
860997
742396
397077
126369
269790
914542
664138
407462
186552
192642
397992
623055
433007
366586
720473
802911
684885
235026
188403
282229
487070
776680
385336
762411
678033
284555
821894
857500
852475
889414
973618
779157
628980
977522
368902
555236
913376
408543
739724
878758
927835
570693
677589
623196
360417
491591
620847
254473
214953
274744
363598
536664
780308
266646
539613
225507
624058
542112
678397
691890
907624
210989
360261
108079
461353
474851
712523
593353
647568
300529
271848
669115
510232
331547
533650
802087
848084
157114
810510
685546
531497
367839
410871
907565
512870
441256
215290
246407
418610
261074
401676
413813
211270
644493
658448
237411
779654
812734
721724
999207
584836
461904
331514
947878
927116
684639
812233
264218
439397
786191
175305
358208
449025
245009
303318
856951
407083
236389
536002
791247
339498
411449
776365
708785
116372
800843
628311
536866
569378
874359
938909
419746
565614
895975
738669
763592
729776
894984
776790
126707
584597
130016
679067
854677
653375
577044
282173
955641
367869
406968
488750
168514
345772
556322
868134
576391
943165
746730
159680
746953
533076
780834
704251
773062
235011
147830
664628
147038
136053
934958
698368
776742
449169
602695
901758
120411
169050
490763
846274
312758
442896
448746
728433
473645
822020
891768
715085
429793
609507
766281
800717
182173
377708
387793
920111
137427
498312
533937
801645
198986
734018
580298
544374
682100
268012
816041
508926
983506
734252
544614
513091
279790
846510
111976
248992
408775
877265
836434
478783
610244
182459
322316
193970
733801
401686
269822
810328
580915
759080
596504
704513
757094
149398
736276
603596
859120
981941
769070
709850
348925
280534
405031
183784
265506
348489
206254
376983
162294
809489
592739
387067
348141
995749
545735
833497
286854
158567
391546
858793
771452
301603
453593
623102
447078
489200
355577
592799
632072
548053
425953
317421
992272
859655
939296
290171
890574
401121
493156
317755
762383
613098
168820
207526
331269
835881
723089
654803
540457
600149
839570
297299
301867
739951
748986
929629
140015
838271
324257
373268
310163
150611
629096
609178
833913
333603
373665
421996
183863
687169
255762
959202
593133
553266
668823
564479
218721
876363
813032
769431
826435
871276
828852
153785
709550
919785
471095
725700
349161
324735
823061
282617
920088
391399
338245
228575
980967
856990
251045
648226
425154
699412
557240
757562
909063
691157
616125
581439
949771
676371
357730
964566
511816
191696
274673
630185
462443
854013
975681
708302
522142
572097
786101
137023
629437
249806
494690
790103
301667
853865
786483
345700
556459
749669
893846
167093
924001
825400
598068
497125
274199
263971
139809
809343
579981
859633
768906
270843
187573
224331
457350
607609
738778
182594
581674
237066
423711
355881
597941
191214
851094
668617
632843
348949
650540
290642
333926
465324
792540
864389
704677
513876
605171
885623
171931
807462
768016
232373
697812
515415
914125
751005
565863
628441
375215
333883
809088
890206
101414
620140
355176
741952
341808
721940
470151
803771
782572
923312
823022
170576
517304
672944
213246
260098
520798
591731
313791
570235
934380
431214
608687
143795
107960
376658
366569
758444
512313
246693
179227
598173
299399
856044
532557
115342
840684
684082
230422
874042
666611
454205
416735
416602
304903
511622
234088
624733
722902
505590
591992
659308
586861
917871
623228
569777
800189
480407
244784
818517
214833
617494
250515
571237
326955
424232
794188
342424
547863
315920
700956
809017
677768
705711
820146
646771
632039
605610
168170
972680
735335
562022
259084
767347
891947
142688
736942
248295
310052
547948
162432
594919
103883
406509
607667
221296
844429
427957
330239
122459
958103
149032
767942
301878
537398
908072
388859
622210
324336
383240
694790
564241
178055
651131
172635
647153
422950
591092
102084
497878
139179
270723
683171
977742
108290
139488
731540
580975
466819
140095
954083
521657
448271
245414
898137
285690
186749
807169
934718
718780
972515
691401
257575
338283
478167
931692
334983
620063
887774
401312
951704
635189
658126
929415
777379
465394
218454
432656
127637
839453
411474
525322
968453
807896
410045
793636
624198
947822
558493
220031
435887
693602
204371
672941
821913
685287
440089
138596
240589
875727
906723
415016
441605
237292
353529
700155
460577
224697
840783
893878
388272
515255
214549
812943
788561
777217
280649
100962
699581
885577
194096
613690
107608
629977
886365
589252
369678
315998
927340
931474
796621
195856
754862
615958
555247
535026
676277
635647
170078
490989
751297
596887
106185
454933
884567
401004
445053
686339
125611
630876
743533
769356
931440
718285
672903
611176
521836
658316
652162
383197
899272
156644
643367
271950
683289
195275
476894
279701
881834
936274
491690
319039
285335
378717
610019
498931
600044
319590
666478
845273
573325
221235
210848
210839
647485
320479
664219
625508
699018
129299
802782
138054
844186
887213
364672
608797
931491
119245
627043
582728
884734
752568
721093
501862
750953
767395
102729
559772
846963
475515
853959
909050
615202
287253
906724
357970
720188
959419
853633
612399
755023
332592
605334
764399
779589
458036
873448
595142
210355
775055
251122
612490
386331
762745
421937
182259
575106
430427
953335
251211
526852
856683
730858
911565
632603
547060
646505
810010
154574
816094
123688
274919
126386
507249
448492
809406
151117
577533
489927
463338
321612
711459
280415
451418
961400
804675
690974
671937
822767
948590
286259
767700
883528
126584
742205
298860
760441
948576
301359
653879
102120
316695
976436
526000
771993
794711
904828
496782
568139
670541
795973
668509
198971
775307
197701
173513
854800
235538
628878
971622
872388
117245
775270
170991
843797
316252
374427
178974
488950
108119
424660
374519
197709
546843
809445
777974
644486
751662
173725
881423
153963
444427
263155
788462
223722
323272
898581
208464
825105
103616
298458
125028
951701
527743
850015
852929
945354
180688
320387
205143
621340
296657
331849
716792
589009
208399
717301
121016
721154
547014
376223
334969
902863
139470
296632
646685
399213
551045
399677
325438
156281
670732
858079
150826
195445
839265
497720
533354
675688
203777
223532
982205
802315
439643
669662
424854
739907
776751
953457
988088
662458
958026
635181
440479
186374
900848
552421
517130
977511
345372
646838
664159
731872
956069
645054
783339
640968
121738
767812
637218
548071
265430
331685
332196
259737
609293
877262
870357
772617
565245
628659
981653
735497
625857
953194
504730
448456
362590
357568
312178
424928
832937
670916
599813
798734
594414
877250
889020
582894
678132
361688
554140
185806
242471
344537
435010
804243
904840
365427
343997
959345
851141
465250
940525
339708
180504
182657
992487
236772
746669
246438
241366
566452
161270
329654
310031
518902
835383
257360
610477
637020
194760
163506
431834
355267
216513
766879
624517
605604
431802
293587
392923
450466
527293
482141
820829
696665
941226
484392
499327
199345
399235
219962
974966
483425
750180
826313
875530
347858
231436
565869
796515
512131
427305
641961
601438
255561
219280
881199
400064
706754
528154
467331
154831
824563
660146
626060
681283
967319
320929
311980
972771
286161
726601
841728
910568
895072
163042
874042
836575
172119
800993
714719
499325
482242
117259
635219
550395
649217
172709
106046
373726
752006
499773
792413
848036
280211
342533
795486
749592
389808
559499
603715
571067
706281
381361
227063
947491
703072
197880
405413
966163
326768
888917
510087
664478
702269
572362
937468
267049
402681
614828
178205
168680
106741
336130
606524
631310
105256
413813
335741
589157
876877
415905
347525
396946
198492
722502
928806
301901
174806
123844
235877
143921
988329
829169
363570
148920
800141
619519
663342
763441
635303
383474
478112
439066
964293
264180
940429
685988
917686
769294
399176
967802
733335
319315
425103
415938
876351
283265
912955
240971
520736
964652
518130
170569
487560
780166
802653
477042
855196
649393
953925
962116
105193
599254
467942
735096
342168
184328
192524
612608
544419
481309
996468
418117
943927
563577
901111
326577
821497
431494
296381
507021
553464
726350
783890
470240
744094
316218
990893
557020
320295
398214
552328
935150
988849
161843
821450
128200
186739
677877
943887
520318
682280
436873
178477
191547
550455
782887
116498
230204
585016
926988
757683
513325
796964
727909
682977
132573
585902
344764
850064
107749
201132
372052
136297
888496
362687
868114
800202
618603
605102
799797
254010
335575
521384
857963
717670
895697
479888
845858
864742
545305
786439
577858
788722
614380
299423
227821
834963
490609
591224
753402
836583
482967
348387
248284
137900
332872
704388
774393
220649
963492
791208
650768
491494
536078
691015
704739
327727
952799
692849
463502
403636
395098
365147
106099
859565
572525
684065
209564
393236
926473
829344
197447
170641
673849
811052
575180
936554
155018
417715
664493
819073
904884
807631
928395
581975
581596
413231
215380
679496
220833
160384
847538
986910
884391
249311
768386
287134
978599
947437
606425
800406
544581
797059
553794
972250
620116
306468
187328
383640
333823
335819
591623
827593
395067
325630
984321
152307
168142
848791
459928
357397
376881
874696
418171
334230
734838
775116
139422
959455
105936
983361
880388
929671
644002
765523
124007
867003
920251
453965
131995
726385
876531
852906
278604
405574
969973
322260
733178
211432
789499
140462
211263
902220
711029
334611
619123
205548
822982
860343
294361
812573
705780
815667
436885
928562
618081
139186
739203
504460
952844
509465
399697
407660
250762
280602
919214
431173
558275
505355
951387
538416
835973
123903
635020
454213
225919
783942
860543
903116
664324
523979
971072
855565
584274
517145
665829
390538
422432
603366
589532
728143
885314
524106
756472
339634
356132
470761
501095
879489
842392
884602
892599
233961
383971
488443
124263
991403
948610
956494
326209
785826
355183
303949
395242
303799
371965
220213
247231
243517
407555
423998
969741
547207
136209
260979
648739
248814
130975
549701
884648
597631
250632
975816
952447
307426
230129
337691
833178
208128
555531
112161
220635
460831
817101
847692
480916
242438
544994
724298
791623
212471
322929
135644
444812
651766
668107
289319
919156
757692
733176
112776
720016
335435
715271
561677
391159
755864
337240
437753
562118
672469
914311
568040
776124
889463
443711
891271
993491
444396
804295
298715
425031
200048
403899
702105
137855
282530
838020
793038
281337
632854
922951
271538
992617
463893
976103
706401
740107
223385
571444
657045
454876
843064
229462
115711
343159
636146
685075
946077
984144
542761
479828
346089
808867
351507
891282
400280
802858
545330
425592
648555
875993
101480
544374
190955
785162
712322
363501
660484
383534
144727
472789
193008
844908
157319
560849
501159
607336
376190
872636
270989
522307
350355
143149
757298
839654
632525
113783
110703
811585
222915
537194
299474
357972
655953
176883
251088
431233
932495
278677
517473
629756
668498
665662
426161
648400
145241
355895
560914
420708
751888
985686
433292
845418
565758
759337
469945
588348
572673
274220
471950
942842
744981
919976
269700
588475
227341
637901
133960
758979
886188
683451
361794
564716
282892
622864
420845
668737
352879
591303
964051
813390
953588
422925
572520
359283
767916
703384
187311
836892
847971
295332
844172
281283
797604
877140
725721
169987
773189
832061
826394
137688
744385
261602
223198
193152
926795
918261
624655
198514
306452
452029
788918
499122
733270
562401
657916
855813
507259
992226
463205
354162
344550
771825
557954
229264
913968
748105
477627
376536
946982
640699
743534
837309
553446
920384
531046
319910
493349
838492
267708
120165
512458
837782
125798
805526
617837
754289
582548
523154
452498
551861
424946
120648
446361
279291
790281
480446
751861
631986
616920
339419
262291
889538
547599
619653
170386
824763
238663
606314
768786
690344
791160
398391
750983
819162
528536
290842
733338
168323
981078
292720
199228
620673
847322
949821
952970
381916
922708
649953
271959
492459
294952
453219
725340
156433
462100
402965
865577
947214
573026
140589
427738
244623
487113
984405
298809
998333
121678
942244
270158
464162
147120
611029
930537
856771
482304
443897
554472
707147
633199
338860
837036
799958
458743
502144
279813
969014
697567
956489
328864
733114
333117
303375
389388
283185
248458
635818
358294
331302
312543
452231
884329
316054
176239
131632
597378
808082
102790
612058
348155
719208
678327
410077
273964
245783
534413
576881
244825
257414
132009
598168
327271
387036
815599
251684
637429
153602
199105
454146
300128
720363
325473
268788
212610
107578
339018
133264
869767
381651
208475
303220
292056
429972
352678
570202
750079
709911
329291
606971
674567
923120
338857
476928
239705
311365
126333
282706
812371
473201
314017
740724
502752
113138
297890
266488
168475
654170
987823
456756
851013
768798
762236
934486
459735
416123
882052
751206
576036
209900
683231
146085
751702
592101
201828
827592
708616
283391
434252
160931
343595
544921
702123
564782
150848
513404
200010
844677
544151
943911
231696
229949
508360
562743
245926
276340
526140
855720
612642
235738
970358
609332
436329
420191
600049
910540
511517
621036
846063
239929
599660
546893
761778
646619
334972
471199
832181
348157
253076
539358
172173
301787
324410
170145
890258
576471
649062
854229
632744
768107
836591
437533
763489
841905
153762
179110
795550
244134
741442
804274
392577
116612
848998
962970
311016
724423
380562
288122
317942
408296
265259
721308
581547
260127
561309
498617
159084
855857
383839
677638
966017
422164
260072
147918
874138
457364
215479
398386
738218
658500
493151
847758
126253
775141
913904
632641
145006
849711
464580
156461
891276
910870
512919
755954
146513
710864
246193
692293
180891
402461
523321
332307
403235
582405
832438
160046
985008
447995
144385
551588
962757
108718
498340
195863
918559
663939
756019
419784
951098
217441
372750
614820
735492
712042
327834
449072
668425
404748
172222
880322
334919
774250
221991
414478
261429
486212
678025
230911
868983
248652
351302
282691
285295
601676
585979
409741
257773
565291
230953
933877
960673
538309
895349
159461
556532
377166
499984
365303
309901
910604
609383
893190
993956
414779
455199
505259
187939
597158
202151
947097
333056
303208
890250
638611
452119
759942
240793
479643
935953
536855
565569
833214
861802
256998
430318
603185
650453
610540
954747
414264
167458
413101
233852
916493
637091
414367
149133
446648
503983
621301
789785
217477
891861
754063
202638
613837
552078
551855
787861
772943
329838
415237
899336
934620
434688
247169
965841
975651
417454
116982
430290
684834
147907
311387
842736
949424
118920
564072
835966
825048
399724
737904
537312
889339
343122
374947
393598
753327
333367
794653
799949
887198
410879
257589
513348
194456
267174
450033
497061
267768
904052
108164
769167
848752
466040
863863
588510
355610
951505
266392
137816
819413
737245
460124
125374
968714
211913
538092
106413
603410
262331
881472
405792
249822
842388
880679
415577
658594
358336
922803
946017
945306
626380
106608
533803
699590
916676
835618
693765
110602
845116
758279
982666
442073
429269
394391
393777
154451
413857
187074
888769
892476
847336
972602
771702
606183
779643
835177
133366
584455
952466
372117
234936
601515
386087
143602
241754
100368
858341
768089
756085
281406
590085
805251
220529
803933
386224
311493
922853
383131
297128
573985
442552
569033
857425
413066
157430
620932
583753
448777
824150
342662
575561
718488
916541
546786
986430
190253
772045
974598
595965
269662
423479
866431
169274
211652
393546
385510
903669
421216
490080
323834
636024
851529
715134
576509
255765
434235
274886
396077
264381
185225
864708
327459
181906
511196
234615
569550
864765
249802
425160
407787
507382
757109
463586
651572
312607
514014
670592
901512
427785
470366
455695
871021
891385
886337
782677
364906
939172
301840
160117
132929
999151
532345
804872
944918
640653
825987
941757
386750
754548
448356
100131
230752
405616
864446
573843
329396
783507
788252
657134
617649
294856
205522
574553
344515
831153
239414
926779
967901
296780
480491
135391
166771
442128
349113
841340
481709
466123
779204
908515
275182
808798
224745
880984
565899
556026
711432
641175
817895
297660
590411
299750
165175
862099
332602
421099
892271
959564
226608
385097
679019
972867
104971
449380
414784
829337
953636
110303
391017
818810
170135
539664
226454
130188
426258
701272
210188
467519
743139
400823
672453
505022
219292
731323
