554207
413852
881976
352878
433100
189915
343274
516679
728302
974235
474605
805441
539187
240042
581472
870846
648838
712694
756995
265755
412347
254908
764203
874011
924529
718562
451678
100066
777942
345935
315508
531005
471052
461589
397767
962286
927788
166287
572534
860687
485140
152153
693670
480136
219683
358772
927811
421856
742410
788088
142112
931367
166749
491845
597455
588934
116761
827621
303569
615444
562384
595553
221997
657989
655082
807130
305367
984927
120245
365114
497513
687789
611035
476467
940342
204520
147192
288052
266966
170814
526481
169121
282861
828492
406706
588427
724701
756387
921115
856612
241966
449103
695677
571097
737090
818043
349245
646986
159465
134605
555226
783759
947117
650189
168971
774199
127464
521427
952185
178931
546817
699314
182937
960800
666819
898871
719012
856547
596424
315486
180276
493753
691833
739413
579460
101623
221937
380979
507209
220217
837297
911071
520355
104953
967739
592776
984688
491862
960706
723492
645935
185261
257733
834729
302104
526870
482274
731096
167581
309654
318624
107429
836972
993074
830004
998156
671032
505437
729404
241391
614781
599288
878439
398494
785263
943358
909151
762706
293491
354606
637912
550416
303377
339581
751549
802566
144799
400566
556304
118248
531541
239986
553916
609846
226930
855889
189511
275072
557314
516387
275531
675866
341708
384862
412291
791616
587926
820947
975937
811821
651195
828949
895682
929876
378125
397061
840764
209665
319197
941846
606651
979313
498629
137366
684617
861808
469933
691047
193746
250666
131230
827292
197694
586409
475957
372344
415501
843481
374018
152310
640867
191085
562859
137887
699200
662966
358612
451723
626141
951567
451715
620716
567588
209288
767858
967729
812289
314764
710630
284954
251242
153591
906503
776540
384000
443404
601301
682452
484739
153382
830741
911408
411334
971577
410487
226335
937708
374102
561348
119747
282521
423802
840108
948165
424865
953643
696841
376720
239351
899858
600796
700219
138643
542870
933506
155198
562060
626684
916252
783086
775624
319681
487707
175234
617575
120717
810823
462128
241158
800258
300987
347258
190863
543899
179483
267522
946681
720160
984931
984943
591686
821546
683009
130985
144420
163960
669799
520995
297190
390449
292939
747003
583203
107810
367107
497986
199743
442897
458500
949188
962662
622532
292549
518921
498733
205625
277238
696772
189229
752326
572628
648399
766054
366176
925641
475528
396576
521778
756893
469417
540670
800441
463756
259261
926343
411838
517723
441921
649858
766382
649543
889961
693379
331502
789928
516622
954682
565643
927959
471809
553314
401711
629945
767682
101402
524593
564599
873290
106273
510301
677172
812939
623294
931189
287089
381799
406192
592987
807746
173258
525172
597101
777531
114686
863135
417119
612925
890318
538415
968445
264561
621127
731850
388019
726021
810298
597435
941329
310933
962232
701263
547289
394080
500580
923878
549303
518405
382955
168360
177008
877626
578418
694140
139545
157115
749060
332570
826921
615808
545709
961380
110683
934954
753851
580269
105365
281202
173338
849501
280754
558677
889944
472759
187572
878875
131550
818087
535835
634217
388120
878648
650874
333140
874815
187204
237002
915855
976742
130974
712251
807346
432284
557290
578872
925227
875862
261423
119502
779655
591867
983739
126760
495808
849061
989776
616708
938906
998060
134047
129542
190995
992892
358343
834033
105946
212960
625392
201488
663441
318521
283215
280913
325124
371255
541886
938136
680257
118567
364632
528946
462003
604987
708914
919112
381172
647160
529747
153319
607236
922201
726898
577991
806669
535773
815088
733551
569290
523943
296315
837289
274947
998843
613860
265428
348837
622238
129198
769090
217006
584369
985747
598981
934305
176071
796483
447412
528258
967646
545077
400827
992046
467786
183684
457220
243439
935508
492737
323335
500118
160758
210465
554634
472725
336552
458486
589879
651281
492851
156436
152784
429088
764014
191297
117289
768935
622850
433390
836668
988384
542174
936738
195435
939379
151874
399688
116321
116882
104908
386499
544095
228682
434595
287835
846885
251416
483140
102149
147971
865679
894954
945775
453033
770762
151653
899084
385559
948954
643567
933149
558398
400202
331201
798318
416873
884076
170577
294541
900651
431601
221632
585863
487720
709443
236797
675209
921430
103290
953750
354686
312787
864740
575652
573472
474944
843947
666923
828171
135734
868726
647620
889551
485452
481834
232734
631601
109889
725468
783369
782591
734674
490141
157551
568831
464624
718043
624377
774663
148172
706999
858050
800543
784196
832017
228372
714028
969554
109102
344857
176562
900479
478767
295321
724664
774992
929595
461745
899856
682248
720870
348685
396501
803081
935185
558726
793819
411919
218826
119501
196189
249800
826774
939595
867275
285916
766197
438361
789240
557165
207728
332237
721219
484101
864362
899552
471218
413233
364364
382636
412647
242626
598752
292450
769269
331729
451748
757373
941827
925689
463098
821893
595216
201409
416847
498300
330300
384006
664944
691044
583688
386916
633255
974235
819892
220582
890806
879773
114847
742065
428222
946229
912534
600346
989211
185264
205107
688696
492213
413209
553656
830918
954710
812823
239216
137150
254175
351065
282368
602904
292128
828972
798492
458622
975636
136103
142799
226429
246911
934052
660892
464800
620346
403540
419962
139303
207625
487150
927297
535114
544916
959598
183836
477551
380013
864418
601093
527894
738514
184876
512482
712352
398914
632875
449402
145616
918496
404478
885200
404899
685638
934857
244267
862605
815790
761792
655632
815219
819169
232724
605906
834682
787923
855740
570545
802695
550322
614957
487006
916394
765894
152261
887713
319161
756810
394294
426893
652269
504858
204692
451025
703300
658135
460968
356669
716129
591235
741915
558454
401042
367976
743888
877518
828912
789611
156675
298772
526498
824690
495842
608800
452771
759024
691600
105106
302023
605976
970894
387980
880414
393594
700636
830122
132244
212630
911847
317884
802713
257508
392304
644330
683549
756335
652816
787488
847529
722009
904227
536439
721551
984907
871018
662471
758618
474729
617400
874137
868843
392600
442538
340040
600011
732148
482301
790814
928978
532575
260580
650567
641501
549728
268206
687077
430660
111457
165177
948860
477992
106148
268657
979941
132514
431380
709224
771237
213610
621725
159260
109857
457312
680442
727512
737014
290235
221388
792283
967705
352314
799454
108678
670126
273591
307666
530630
535252
301642
583409
945835
249729
109111
858484
947497
709270
365036
121978
332545
763805
311888
678539
542991
725805
397148
789270
910992
475387
253901
441095
780818
352920
904907
387409
417955
819699
885390
126391
949350
839153
162797
255478
778504
667018
167487
969111
543006
891728
807381
717537
195636
562365
479508
699736
651853
988434
472539
134017
413644
755461
128267
678102
602086
417949
476950
266359
138630
224455
418586
286150
311292
480768
506980
324950
475724
639091
708983
123225
120400
572207
662490
723215
553382
834680
257081
906085
455611
613733
148856
546533
743698
611542
262735
586994
380553
355034
153799
948494
872347
937020
314345
554556
542482
374346
804715
608018
111090
562911
481528
297636
997132
782960
176893
320559
527908
696109
309221
205833
131362
594622
893896
628817
106871
866561
526807
827088
378177
978963
595299
457562
680631
401266
243111
525706
439917
193940
214446
240145
392343
775486
493621
866583
802842
108903
120953
550706
816015
102440
604918
732223
310598
340647
668398
987006
716770
233562
839281
992765
401772
213646
123026
858401
173090
719371
415071
305401
167848
729504
391356
976365
559432
583479
378403
128496
456237
730611
706973
480499
130120
486812
851122
833196
245897
873722
393796
406608
364851
604345
354411
235451
240005
210399
230448
770620
699522
729360
570580
988399
966899
390072
676227
170618
331689
491779
849405
402539
945239
470728
984427
730757
269675
728806
229652
766584
889406
942760
766075
344746
564083
927207
763745
964737
900850
160893
602699
768492
793852
748493
675540
837990
260265
539033
245469
828762
654040
432816
238772
753624
228465
610307
559228
475098
162479
740770
481451
212101
411999
642751
435197
864422
876856
139737
598030
492671
495172
447107
927146
759485
530497
938681
941739
729316
947487
663811
516458
362679
293236
881465
988219
999178
794960
670507
503445
927826
190916
161962
946688
877162
652349
603271
665306
858822
881622
726602
580119
453886
157917
846621
874279
404662
174981
599656
273678
642670
944746
754339
325543
544884
473201
734404
743970
867503
272569
875508
748129
303295
965917
710809
122997
301636
106933
256156
230010
899835
385934
428702
963259
182813
261875
956000
823547
937198
982406
641209
238159
285085
578839
870373
469933
764782
761671
337577
967808
603031
345300
501626
618001
820141
446111
772160
142305
253731
484039
663019
628540
538672
551172
714296
601971
623947
526672
315223
495391
455530
228224
519222
729199
586210
794821
880107
303161
761422
109889
343956
322516
682478
644459
158281
346710
755694
337645
898891
876183
790309
120332
723340
107434
940694
966247
257941
719335
239628
281637
667334
668750
195263
523942
256063
236862
322173
238474
383593
193763
261269
595344
699093
835343
736252
383515
940701
279122
989358
484669
541681
873956
326215
925824
100994
132923
587304
259061
215832
201583
876839
756793
347142
549601
399961
178236
808420
260121
550085
970739
902378
270583
607741
804299
530897
472848
705346
617039
247141
320318
153642
455208
843744
710840
621975
898348
890992
680337
998290
405350
578524
739075
189999
791604
734315
545008
210066
688291
306257
611949
928914
236374
469494
871009
854106
746127
609813
247696
813381
273804
717949
918426
461005
441860
358070
799420
862092
204225
639707
193265
667782
708603
647407
877823
845688
295345
277308
205323
471983
101367
360036
764394
647750
680317
845285
400385
383111
913128
961288
448951
724100
697105
105110
426900
735163
127250
356176
899887
353306
326143
792902
997895
929603
116472
630631
315705
252509
184528
514672
432538
205671
839530
466625
640683
902600
602131
490518
116913
281272
615299
799817
704858
874613
665976
968227
370379
614842
320487
748095
121269
141203
165134
269763
157042
348500
762295
801645
108701
165218
446712
280597
944095
935003
367279
804501
219896
773225
811891
678391
530589
347922
830717
567890
508694
227215
294572
276127
282792
192537
837053
196023
532430
431209
559647
602902
724447
746823
279666
327975
980163
741568
419990
620578
223206
246186
103133
177887
529124
326139
998244
351838
432258
313150
684474
462815
135242
552478
129355
108121
811355
824133
694269
356667
403077
830744
768921
772986
721308
389987
719463
333131
352822
325633
644434
888633
385699
662509
947222
199425
437373
173657
103087
499436
329409
411474
845987
752924
678673
408719
814893
506551
493230
966678
870302
678066
313793
927518
602626
734859
268864
291830
830811
108285
630821
657849
825065
551146
806225
195336
536510
664090
889261
875697
657422
165460
948893
249573
813463
242425
589300
458482
288122
131359
441208
470119
925447
357112
566284
259412
779918
772193
101111
855335
583781
104314
866322
930815
390218
275155
783979
256050
795578
946118
266339
115819
999856
105200
733291
124984
486575
245123
658969
825838
483147
802395
325646
525376
246336
613602
212932
972514
122632
743899
275403
839613
157206
139246
137464
795423
116675
546564
559006
878630
266367
977848
280815
435840
400077
733196
949548
858426
273830
525478
590792
580417
799574
848107
786824
666720
957968
539397
624072
462687
601289
246607
624179
876104
331053
529909
217489
600100
333868
259350
757439
306946
996904
391323
241731
365566
205281
269747
349346
172178
139571
271014
550774
617838
717790
542963
865238
934570
399071
404796
880319
631157
773693
779868
628105
773299
223199
816585
397463
879556
900458
829570
412243
494243
241988
303712
475564
599768
133202
320526
169575
907329
732109
926910
443781
118984
778492
719431
118313
777540
952891
344917
533531
502321
979834
705324
860898
991166
452497
134957
850414
803092
500785
470751
812190
660741
266385
256531
131706
650336
883572
873786
210861
466448
722108
925929
636661
455272
815547
180503
998250
390627
316051
911200
972568
574164
705126
162822
613533
746984
161037
284451
183156
546272
682018
217120
953566
801284
669436
655246
975593
762623
904185
471579
504767
293773
659277
967582
621874
357606
687946
773124
502214
289221
204070
163566
914921
313886
839374
797833
916783
736458
131608
538008
446444
294326
408405
451656
713146
669512
215030
327646
722613
283515
324795
919680
963020
576414
470476
468186
336628
390007
714765
413398
940250
482333
880184
366459
698160
335851
886319
319083
746328
106653
572925
136047
272800
335113
658772
226207
596295
349668
719659
256770
217952
683220
260278
114435
565420
591442
290471
149636
939927
949678
728211
927366
157818
209770
209238
115023
325434
614574
724434
467774
902321
402168
935130
264060
951282
210406
440178
494789
252062
477474
500222
700904
916527
340529
134417
368995
513898
579124
967167
627697
412294
764270
925804
809566
888404
789162
887884
923808
530733
999585
978929
541650
941378
710833
547651
484354
214625
224032
268032
159970
800560
890938
441394
626018
598224
797309
479241
453538
961436
979132
707201
857348
192897
486412
851620
574920
145483
651182
377572
330539
202242
165893
272953
270942
211042
426017
902552
456343
870537
853712
612302
258703
958139
389690
202044
563438
657054
842400
655664
342213
422956
828121
117904
613511
982577
862392
887745
755832
345458
929036
173216
207084
932977
306698
659889
896231
277903
198299
532854
772257
660942
679864
558324
948080
200953
636209
432280
812565
335350
602505
577330
293581
939660
508350
573190
251875
967117
718912
332338
842238
574708
339337
645348
288568
878014
538703
994670
516606
630892
401368
180343
248441
899561
785158
692503
339834
227679
323394
200046
764047
830098
623126
656778
252994
438505
316362
260131
480507
367931
588492
428655
771391
743364
740609
368656
165594
331266
472316
683417
315878
392446
507935
188438
643981
126613
834110
717311
213864
419717
587510
213561
802624
534363
801042
595067
630196
230898
551536
141776
125270
842181
293997
817153
268142
268776
586947
973375
147917
481024
248405
619768
974457
691404
974857
355825
929651
226276
421829
316100
424090
912767
628189
711075
605822
659607
124284
772459
542744
454548
385265
660188
922231
287860
271812
979902
660052
132088
851222
318522
933992
477985
326487
149917
238541
956722
368605
681468
472450
380004
819510
252504
139721
457848
861983
196144
737944
406557
106652
683797
695901
531213
344207
843878
420683
307831
277294
700703
266969
160596
482841
124579
314846
411813
303297
804453
907434
166715
137779
904216
639251
357252
220656
924752
723636
344625
494615
802720
839277
633749
328998
636058
188994
235862
651622
404440
449783
158068
236897
377926
913375
515180
445256
993128
226818
460792
837404
227772
586260
500549
443339
638712
197168
471102
607527
672749
532432
956917
146091
294499
725407
194523
193226
639238
372121
174720
610323
880348
352456
781508
680970
490763
538949
977241
158098
730350
863969
200381
419941
556615
603086
156390
377984
284066
881459
891500
466527
732695
730982
452575
742926
270060
223529
303202
138477
276734
215253
811377
191672
512423
706665
245975
316575
218704
960382
407439
527318
440430
699466
642694
225512
596327
689005
690095
364883
109425
952494
193375
673009
229337
423270
910275
505986
896903
526182
140119
136185
805343
682477
258485
744743
423594
399150
112629
851690
761662
830841
852153
889565
825594
446706
310252
190371
894564
454297
100039
398109
190302
453463
843230
387939
838239
728871
494793
771161
775112
574909
692559
953476
902557
743652
856985
556599
715688
207664
564171
628895
855103
678301
445151
744310
737930
607418
301884
386323
414265
401085
261748
171585
182201
934165
741007
624768
599487
526274
399872
753992
949405
889544
953639
557492
192705
445937
727671
334034
767590
375692
684393
302064
774629
652387
888422
694491
356259
387505
210812
656608
950786
218484
205420
478394
400611
585774
346342
528584
900541
700509
970403
765798
676177
693231
554475
611923
625935
989513
262232
538580
379626
322944
308697
535009
262580
245859
244507
657216
313273
707027
533805
282635
703940
589279
554724
831872
320935
522760
222363
158726
494211
136064
376907
910363
488883
435079
356892
889148
298155
965352
607381
265157
944481
114263
574790
596323
917368
764626
300620
287088
637617
705220
966183
818885
262001
862264
886370
172377
267326
244098
777947
152816
868404
155001
113543
301061
814796
102756
593451
516214
302862
311586
865115
442188
562509
406473
972922
256530
132786
815682
922372
317334
102363
446102
714624
386055
997884
857171
297531
887958
762878
161289
440736
408130
765931
628230
521398
943043
286781
799931
814410
644356
514119
716861
447434
895711
337877
951997
989803
110161
378649
991609
806788
907244
576697
716420
954407
394534
549833
365935
269357
816529
709236
698899
394224
989339
619475
897312
330064
101715
346533
158719
856437
989404
276443
360749
471473
591633
697553
993908
463028
572139
484775
234558
816261
246978
728909
829970
173196
685611
136404
950626
601828
321718
324678
851004
655045
700157
703474
182567
566886
827344
736169
462561
311227
271771
820269
814780
123777
998623
733705
708218
702943
772855
803630
191970
586098
218703
136025
783655
555474
733167
551092
349714
971463
140688
289752
640331
906126
323663
781310
901695
996552
931716
264643
539290
784773
927827
130582
794297
745076
846204
736506
912088
711128
847496
487722
400246
198706
433519
585491
438176
195459
674277
560009
657775
325545
668504
752574
584648
833437
830671
448334
503728
993213
354986
839614
816525
927598
628264
351079
929059
132769
745193
858810
250700
344017
675739
743826
701191
240884
921516
368541
281306
130814
999558
374150
934934
120981
263804
124446
208810
981140
360011
202696
223269
337889
412326
169412
850268
968264
219959
343783
511482
508816
823680
486299
389471
111125
455488
519887
229792
611340
936575
721345
379345
962103
812578
175061
660523
448421
264326
217656
405166
383113
309792
730851
629258
278055
961000
475916
119715
437065
608568
943559
606201
645070
451515
672625
618461
477930
148542
430423
654448
470424
316516
588609
355116
182606
438242
478401
758352
629710
461159
790369
197750
403208
833177
383985
318719
727846
196977
397768
410997
916952
500384
620480
924537
824102
513068
281599
725111
333219
714306
121299
561189
540745
675572
908700
653384
901088
524567
593485
837090
835928
882815
290665
417291
149066
713252
709520
240287
516785
344533
830194
563605
286588
136789
176623
269750
897563
603218
105118
919311
960363
496389
269882
797349
607005
468856
476158
201525
247137
641985
994398
486377
151030
223220
573919
222498
922122
114592
428886
588455
430714
340974
294098
348351
622473
942795
866446
994114
558879
163349
796584
849508
897042
256853
838153
206616
582773
184080
731427
793913
304998
460990
618334
277514
934561
113985
747582
227529
905107
847049
371150
602646
957888
874245
100088
517356
510744
214938
253792
409623
620399
580371
896265
824519
916404
161347
733261
140862
114471
611837
164688
717065
393359
477200
932120
990089
106441
690494
335579
323372
150362
955038
184088
748134
601697
638628
595436
604604
970824
837600
712216
700397
807184
686435
223363
371311
496832
350963
222993
892352
328294
902781
895023
575207
931202
994651
667015
306431
204061
377481
824670
538094
357363
754462
635008
299200
217520
668661
310910
502115
505837
329484
602202
393266
215116
691915
612133
276627
927727
595381
189360
775227
807243
417348
710165
627640
183213
480668
760463
474818
410989
595443
452380
928074
993015
547460
706677
451948
115954
368239
936635
329662
891426
403345
239735
610453
131229
717531
813661
525725
206226
427187
790900
620620
342547
776290
937170
113608
643530
322920
830261
307529
291019
547336
263417
691160
403422
831717
367921
120081
718889
302064
962685
426207
644207
212279
193034
219083
471198
650453
942341
797492
786456
165256
609776
868831
606353
616426
932257
166580
845815
804134
316143
444618
760462
564173
514252
826376
124707
863522
330147
475953
995151
645669
278265
194583
650607
597035
729436
101840
673393
660357
364580
428014
354322
346662
947023
789303
703483
589778
646680
507281
161938
167005
427362
944085
685521
628219
557053
940897
147666
895395
920629
311887
412252
864688
820147
117450
609468
601506
580512
269058
459688
483464
402080
761892
572528
231809
273999
738719
688891
471305
381057
760297
792315
196195
207657
511381
377099
863976
227061
104538
159354
172476
421285
144883
340259
403564
290473
548685
485940
286406
204842
909377
122764
478809
852606
361258
596618
981708
310583
374779
280780
315803
883416
315832
559046
897394
821654
977484
773543
899642
104765
504953
247951
235332
289191
914109
530835
109424
244087
899454
782227
935443
547467
361547
462399
371850
754949
583345
614626
878953
111703
747135
597650
558343
986527
141544
496440
109735
292251
692411
319601
355517
155520
443585
341699
288366
715874
893891
282857
988371
782801
364676
728040
708256
344555
553217
264336
291223
229529
859587
198477
148462
811319
728166
849206
622277
941332
458324
643624
779634
996548
640240
864737
377161
770830
245166
596408
179496
888794
694534
967071
596064
183742
358022
731087
103719
217445
517327
876265
526551
661292
223937
960176
436630
669666
461943
381817
341185
817280
557673
954308
251935
952601
912658
800874
488893
936080
214701
395203
529978
269649
453758
256585
705606
975624
214887
920413
541295
891270
554350
575723
163084
566677
940791
399270
753681
628350
341948
422006
436777
551371
176874
766639
244351
220575
336205
801955
940515
272858
809785
375662
463793
690844
119212
342841
947833
566603
210236
123986
314459
302185
166210
726663
622731
906915
968093
861042
682221
840536
307375
624608
836094
298380
364012
506886
541729
242293
405363
183834
558242
383715
513101
993881
684527
217757
136497
939238
134564
817876
696307
840961
352683
620506
507434
706093
868863
573073
573211
304508
428070
924777
452468
761863
188745
244194
814285
158130
958658
498909
382093
364963
494534
442013
959926
446030
435726
732415
571642
176957
369857
459175
269215
334864
150495
604975
251275
365284
335169
386808
519414
864071
104684
188988
958575
799275
901804
285494
847579
942136
121060
968967
645990
774789
142204
516231
749763
656216
792073
606491
199522
238719
152814
879767
271061
434357
550874
752302
541921
729293
494487
605866
110811
851551
800730
922004
868343
102558
873501
243673
210877
264305
318537
865883
528929
870270
744661
329941
232084
692295
276905
780044
682538
529161
816014
579679
557767
357859
358538
640844
756394
976457
188277
940077
233778
443945
725216
436180
888294
887139
352869
918829
301379
319559
794149
231989
241076
344046
117012
435417
820941
343440
428203
535598
652172
231470
171450
709133
680770
571130
764905
670648
185711
189486
339879
669282
793619
962974
447062
972240
296249
829136
946917
438864
365499
160496
300836
837210
661954
731004
300735
150789
408362
369918
830312
326134
160510
321410
902228
802135
368967
945374
931418
408838
582244
835162
237703
716774
473383
246313
189250
438153
822089
952941
684549
298849
249312
609073
503788
268266
360885
751363
821751
809940
196037
329837
262923
952190
254418
572656
911316
833275
890490
431621
922188
444659
856803
616048
836709
909829
601179
328118
934650
883788
744230
537377
418586
753651
430552
272103
281733
508014
628912
234381
907659
760360
406686
626861
417129
819591
842422
372570
707872
854552
289810
385329
182972
745320
990709
148884
618638
767275
336181
402863
115604
265557
324124
882036
795107
560533
724881
750669
190320
177172
717063
760477
480390
877567
164001
249798
533945
853760
925737
258721
637247
534355
449750
877325
107880
270098
479747
219933
501583
365674
901709
772796
784513
657921
900114
658189
516377
369185
545244
367878
536728
141679
414960
770813
141578
666364
882895
312942
131736
254068
779211
479163
633120
521172
736281
357984
465036
195364
956684
543191
105937
763434
419589
924113
280058
525617
653133
703137
668863
390631
255183
440356
577153
443055
922213
358693
509540
812776
567383
751567
869584
785315
379015
918168
905122
302839
291086
721878
950939
120124
264566
778547
620740
335656
969542
188618
365765
743883
621193
722300
383424
750252
668061
618398
302536
695734
390055
534228
561698
725620
824157
203978
381082
582558
492082
714245
222522
981876
777548
905382
689700
293704
851227
665587
818923
842786
486049
272880
827174
479471
547955
828169
248304
765830
808851
665211
493341
150775
650863
801366
732358
610136
849350
244519
451162
894752
367546
903657
740633
232979
256929
277166
795457
640230
514693
673016
457288
975756
347369
524431
660421
316767
351788
315438
615437
719780
876223
981164
675926
153260
373373
818432
345115
154367
250510
134498
117181
113590
741663
861434
336113
820612
266089
103157
480645
341506
508687
323210
748893
922663
309128
427152
494812
540877
281952
381263
166073
520049
872280
500526
941988
672838
686979
516615
815475
125392
124787
332404
485691
685172
973877
555648
966424
830223
826131
488274
613344
309937
773148
249276
980101
166293
738025
842438
775204
173810
957942
244251
204172
886847
815949
248097
338857
679371
885088
868852
334550
724363
987189
895240
164505
897360
379686
551127
699208
733433
380338
931958
372670
918680
246019
584478
694997
772555
437086
818158
977709
135503
657389
891338
281392
118683
327850
258252
816429
194297
488979
378018
382517
365315
855162
727543
617365
745218
637287
117292
996041
917274
774170
523710
580898
302874
844735
176797
405727
115328
965386
759879
682100
905490
293964
668387
104525
129011
331582
718253
299952
601617
809454
206630
295688
859898
597508
539360
945462
688019
128174
887132
153857
243652
212189
125303
598049
525516
412149
436884
347914
695758
721297
892083
886925
153486
729175
642022
737155
252514
890000
555466
918962
521233
249271
502417
281630
299175
514172
365280
977614
607574
692241
931734
458695
974680
327919
811716
919166
690946
789484
491630
237058
215117
174938
608280
886601
666693
686194
963666
226946
217372
883690
910968
908965
134750
565362
484549
412775
771439
894361
878041
193696
359179
880425
312951
919580
948932
927481
626420
951815
339675
252424
881075
672639
942481
796279
762001
319718
904971
765915
216012
224916
419025
590085
228252
864109
788562
986850
790691
689751
440574
231780
780003
517775
281700
763139
784263
246651
191424
538890
799300
518490
471314
561166
616368
582059
242123
636710
564189
998279
278362
235505
199847
174398
782783
350739
384875
231104
751601
377208
213098
421117
210629
165845
809817
477421
521613
912562
730447
217599
187775
160159
166992
976297
968881
738114
477753
249076
239119
953841
432426
749958
945525
674928
610503
729551
962690
335621
146079
382229
340818
362083
345721
679316
565430
885905
792453
459645
973968
833201
310349
602684
992942
738732
643901
249382
642184
977622
245271
901490
566921
419867
317374
480050
160260
919962
185540
195708
851394
278753
526583
565337
999845
649743
851433
949059
581228
149089
188080
339889
545567
788710
590812
379796
576511
457422
378097
403913
306144
828584
860075
736034
573337
655707
439673
507602
610323
590772
420090
591277
506715
840485
138215
312360
887194
914413
123021
221588
222189
593085
334491
476948
874098
349707
493922
940577
159171
726872
930560
700690
203759
541259
364567
113670
718906
506675
537826
165689
238247
226157
578090
588816
921996
533628
235378
119594
936564
219108
460067
964712
168405
833639
112872
234016
330295
794181
174525
623236
747488
220164
937942
243708
180804
727977
762087
877737
152753
859088
928602
572874
994080
492854
329921
336560
396404
814524
486358
993406
749087
404508
158122
272509
733921
690249
993051
875838
960636
734890
538705
384101
621568
721875
950118
219272
428829
746641
776139
522414
931843
763606
644708
356640
451589
803315
759503
581324
766749
112699
802853
153693
863243
896511
289395
118112
668260
338268
963962
988566
102335
259525
629952
446014
588385
719592
910922
164183
990099
225821
512896
688462
964460
602100
395311
324728
755068
228292
953273
941120
800396
947560
901631
661949
615861
887354
909795
926612
780473
863316
669007
100256
199449
118010
389259
410233
362362
761608
717090
452766
631429
808945
594838
740265
984081
193559
646851
897497
943661
582253
681163
591294
985002
185649
104310
223181
206684
630006
258745
771290
343406
915334
678139
690729
977214
488442
242250
645286
941998
997443
384281
257933
219337
755189
783146
222761
137372
748670
494497
426694
107857
741746
180842
346653
317157
268761
201744
405370
386655
695498
879869
407644
629103
692977
553766
379422
338130
119988
689468
276140
956910
317497
166502
881520
481014
306589
132630
203287
406294
538952
127846
191063
315965
167752
628401
500162
920048
670881
307488
674270
206246
607195
383226
563315
465494
592106
497088
160624
100093
215582
160383
974346
549440
563334
550811
290259
707259
634881
991547
453159
373464
301573
214289
961219
155028
526438
718241
997355
572681
678372
368802
639096
314538
631309
542188
367097
800852
415622
216815
299599
752819
116281
704449
827304
593256
221422
345346
327497
768956
507520
777681
790266
331681
835569
666773
302472
114376
881176
771607
279396
620739
640520
335868
607726
818196
429182
480152
481876
116144
849658
239457
891831
855909
687589
737003
714848
769824
958810
126209
630247
385096
550928
784655
544138
656263
581537
426885
227670
854453
442221
503129
407937
492505
360810
710561
996266
551457
999916
630044
807254
944214
261520
955029
299669
366887
288929
939876
281307
475285
337285
330012
829754
656545
342607
933605
470759
764250
456778
236861
635452
536370
531642
237902
347374
460066
114557
981424
292213
110538
326224
415786
157005
798357
746341
883460
314723
430488
702503
401486
983627
675170
129969
648067
392782
550741
455282
545323
393223
637147
565289
929992
167854
531247
555885
595688
377767
925729
945451
873173
172541
383723
683127
883740
611725
927595
520169
234309
337661
749275
595116
701832
207358
563939
804324
752493
122548
758296
141568
346864
285222
565851
114351
833004
236990
462217
759206
824398
525564
441104
115105
633682
153783
582810
883539
818391
356582
787186
406776
315250
623123
625773
224868
430774
753214
943196
432924
477812
755564
528360
391979
819192
516571
129114
389092
679917
120298
178060
524375
134282
734683
517542
163753
819047
508753
995262
405568
755826
786938
712640
470221
803248
723197
376100
100756
257460
618681
293039
370198
490880
846582
883578
428330
760968
841886
647954
143927
425216
625632
872183
172522
916270
481891
228625
382878
294556
942728
551319
657817
688011
419676
423826
320203
457901
115579
407924
433637
887700
245025
573542
144313
341370
192414
472736
841268
794375
761342
994776
316940
853247
668657
402561
807385
156697
198626
453964
470169
958648
212988
801383
203610
360818
165419
466055
771983
604854
333860
697056
175816
956372
167087
169914
446633
681926
652648
249154
482632
171971
593746
696135
551691
721288
318528
530162
836647
696661
536683
459960
198806
310976
879010
679158
459015
946977
413295
707857
648783
566322
269419
822790
266759
378005
566627
606000
773336
321425
384201
386017
212692
682015
607451
346834
722127
634863
274724
946634
225666
824768
252088
446363
192921
642881
822563
124338
111039
526181
245324
242705
412623
917795
129584
643752
593160
716460
119281
369694
912516
562973
561476
357522
463262
754977
535663
636135
203268
449099
275542
302516
439080
595588
611423
537831
742516
715905
777832
762086
230902
205087
986883
531928
483024
470405
726716
471777
769879
363790
378046
235407
215958
524817
399577
303496
435141
921857
675417
605969
715664
519229
222315
383066
776146
450376
334786
607459
108954
633961
528569
242240
983183
854793
250094
878851
221549
544142
833669
144057
543774
927736
288396
566466
668125
387180
554298
310615
661249
377406
560553
457788
906045
755821
976558
186134
351740
493526
133116
580846
936809
631965
678119
974839
348725
695954
616935
810776
330224
480806
222298
928388
637041
478816
187586
433057
467539
575459
552866
220341
640916
351435
558268
610681
478549
213404
975410
180195
976649
288911
305646
326664
311927
225137
548939
279269
279026
525865
111134
599113
965791
830548
527975
281915
838621
407528
353595
918033
829965
138468
837659
821363
274162
830760
371134
854760
353285
163287
514117
861603
144749
121913
930415
304069
312294
981084
522815
183806
754091
388420
812598
137991
264017
906673
135353
862878
663200
742303
271655
549788
133898
465492
491648
504349
692317
459835
810126
407281
343245
678616
782753
759168
789478
147768
416107
193053
503648
400598
934066
835696
419385
447561
120717
981581
728309
901480
115896
714636
194667
141401
129418
408992
346866
270945
185602
170815
756391
795073
290247
416102
669520
351315
802767
305120
456742
813669
554661
120603
884457
628661
196742
618629
261743
925684
812664
638098
359790
393272
642038
499023
970498
426679
234091
807035
266911
601168
331489
870995
209907
364804
529008
320636
844052
814460
842874
843572
239600
301686
682835
670319
686630
604442
327330
355143
514643
703714
793924
671517
919599
283368
417694
930746
892944
306077
646150
785201
467955
441027
787003
390863
351137
111169
428161
868092
766646
764302
132070
206867
255082
716599
821686
318740
150220
675867
837688
948884
393347
585970
602436
572411
849440
782294
657066
381109
635357
542461
547580
123974
552179
571715
168439
346514
504130
574391
885779
913299
785388
790034
418402
154161
133173
685604
305953
592455
644486
159269
750695
979819
567299
448336
573361
174966
282768
245423
408620
540763
849507
990390
796978
167947
312984
192313
786416
994929
412762
889083
270843
719927
271780
211032
486503
783209
601020
640458
412720
754612
466790
959355
515551
779246
450112
408962
124424
118815
425074
166935
103579
739258
637872
854466
545171
927411
270244
285793
257933
853043
163498
174888
831048
425566
795329
287272
619199
433336
558462
437599
677472
888018
417731
899581
223765
285402
758036
684914
221522
285063
669531
929338
201112
819760
608160
107104
773358
508318
480110
334878
365751
814618
505201
662393
876413
591640
307598
397655
536103
899243
681444
683878
785354
895608
185669
764627
619285
115201
940388
363194
298342
370448
548190
924392
515162
842539
732417
798935
269875
218729
981556
275079
834407
291199
699850
863875
635049
772178
939672
876147
784833
546460
703592
131944
709214
262208
209827
258622
744968
437466
105810
926478
825563
175952
540539
956397
332205
792526
602567
766187
585009
480664
176639
370798
339389
825499
820996
639412
537196
195923
725472
573696
760657
157359
728003
789654
370783
922596
568722
497784
985959
993936
401969
153126
278649
721814
857324
811863
483415
842698
456319
154898
508608
538761
929545
818696
817034
288606
356633
825119
943292
175349
344228
594418
798732
594026
928146
537059
900693
461009
492695
199328
375217
103666
640678
232227
168767
479472
395936
912770
433851
989880
515680
270472
374728
336804
952207
880731
959952
641047
546679
516202
689159
777654
739242
270360
583451
889694
452241
958044
985149
659312
215879
481459
194280
912145
209358
459650
336372
733724
198247
237691
381817
122123
961622
284179
719422
994785
806096
220513
545491
453267
458605
709943
118599
906477
102214
381445
491985
109390
550818
893670
690030
776901
147996
708283
321297
680966
374927
626740
522384
662374
517697
785270
385777
293924
756440
982605
150333
506259
643118
158523
238613
155561
387320
993551
848858
175583
407701
136985
910917
233671
527553
681044
617347
864268
657916
677507
662970
628331
757820
801504
338389
397217
221676
615325
679834
937331
713836
433826
104115
425874
201873
762435
261471
141787
374378
405683
719215
406052
514996
221918
989785
373873
966856
974372
554972
146629
805162
828557
744568
876846
560227
595200
734478
335620
814709
243800
797494
165725
235989
422086
369183
356473
737219
425399
330076
414589
145642
136038
610337
538814
201882
271636
360363
913582
263619
798325
811539
751405
338967
874805
569424
106008
472939
685460
293764
327412
255050
273241
284766
476385
710117
811051
371102
435774
761944
808422
376260
377942
871936
345394
585547
892608
904693
412135
384251
165326
857510
575679
756673
376592
546831
350166
221854
152305
837996
901930
971471
437346
926002
782400
835839
461957
210889
682420
691135
846833
193346
775480
771552
863932
898449
362280
424064
169864
990895
502185
772976
777738
154313
565685
488632
396960
196459
343663
300763
943726
330754
930266
381363
337372
271567
191084
480629
904515
877650
395396
107118
708583
920629
924667
576276
413942
174846
862238
907239
735127
717439
633917
592846
269777
910032
452035
957867
803052
892721
289688
585533
446183
767817
464466
816935
914379
212240
381686
303347
706562
920877
355767
589972
678162
828904
756289
547986
434742
416570
372675
563251
580795
719793
981497
534302
307752
630251
735536
915420
269647
233581
785763
490989
122678
718146
346834
139890
789302
768493
958912
471466
533538
105757
115709
708657
265394
927655
925590
483800
548065
828404
791267
170031
523996
284692
617244
809372
966572
751482
919502
316435
183588
306624
681400
267937
566728
202092
638635
260502
731840
569793
977905
636232
270342
277915
842819
197997
860806
363867
937271
283317
428197
205926
326496
826365
347406
645752
577244
488711
638365
836733
966712
366755
852835
706930
502648
520950
331133
941054
244218
802482
864159
716679
444411
414835
465343
833303
981978
768260
244004
462871
157099
519232
253174
226274
174643
261118
135582
246165
950494
527593
819993
220094
315144
441242
115811
737761
157315
832932
911926
759823
523108
988673
378332
593149
720617
149537
304733
437012
890944
923419
295685
926865
655422
864582
850019
145778
576066
452757
616655
693776
468802
321306
128012
187734
662771
343925
767645
713027
812287
759186
916773
294503
311955
518855
297671
994283
379723
166030
218380
365975
647292
362054
258002
533875
927897
855493
248780
193458
577631
643710
473130
212664
573635
423545
950574
392982
914355
885434
144778
942410
482947
326326
621223
470853
637667
451408
804794
678215
273807
356305
472744
132409
326700
893189
415174
509221
192289
991322
748232
172858
436573
168276
727879
652989
936451
952191
775460
584990
994292
400649
562879
435129
242946
328728
416867
707315
343971
810128
531092
564668
338305
396818
514331
824037
732130
601095
938673
140965
938547
104107
118637
852108
347866
249535
756860
423905
591743
193085
483061
742484
221880
801145
968892
817277
928825
404592
280433
658981
740863
519176
661277
670254
919430
226479
300555
378360
281719
294201
719440
919932
444584
142750
497006
694198
127402
634055
636191
739567
999407
433428
869163
994290
808556
177762
375077
475816
183464
968718
564185
534511
531782
667539
648257
663828
384246
132764
399642
314305
268813
757202
855083
333344
644185
611804
369457
194420
125800
472201
782023
294021
964891
854449
969184
148965
175741
493582
958919
367466
415943
635933
819146
628294
729631
373502
639724
633289
749330
796096
418452
141284
497212
914639
697668
905058
810860
501048
991547
994594
999582
202099
870854
135509
782896
902518
753098
822369
663941
772543
945625
483349
704138
264671
760861
999099
560922
437280
574100
143613
716408
719319
907781
508755
293057
506323
165577
137559
866929
967238
433192
763300
553604
731381
859754
533647
934672
399593
644736
651190
166769
522339
363839
568347
358238
848577
882327
441825
572446
657269
742696
267086
814536
449840
970204
624588
286217
794422
103592
508575
330457
518253
295329
594557
407113
647456
864708
390245
455834
311269
312372
757225
609285
836954
916213
750934
421018
492764
147611
756788
861606
251647
255792
222234
566309
474504
742589
601648
483738
718838
348001
920720
475671
796962
374089
286489
768589
788147
295674
272771
504428
982474
807924
588708
327776
364023
522483
147958
469374
549428
781920
744966
109683
537605
342116
748911
919156
621839
983536
235312
213458
469018
445843
916087
118409
908190
785187
569634
482494
942878
105449
272886
206331
102077
275697
176491
233514
649143
882237
337022
587909
997621
803954
650241
958971
779633
726046
633346
465380
750642
187065
300718
173226
985361
515016
339136
927433
611574
542060
736909
835227
259928
421762
600533
864713
517190
840738
853915
638939
950483
594141
547121
372356
973381
557055
443833
144133
599687
903722
165904
406224
385289
591517
727623
717665
820249
858616
863934
572296
411511
463232
473306
734850
208373
689772
528532
236822
777237
799533
257023
100693
687615
582599
107006
794014
107237
130140
814258
631524
306087
517519
555212
506940
256454
776873
202209
786453
974972
867234
375779
568517
599704
325402
287833
290610
316495
339847
211179
393327
322098
268814
165732
680723
742398
363032
681498
509993
919843
535892
311036
810236
300726
425496
356128
479905
731945
239936
197768
456730
339970
738038
662707
103600
766126
784420
149503
355861
919338
716783
805155
420514
690054
680219
746218
471578
998631
726737
606953
121798
710600
763392
531441
177032
499013
765871
636821
439829
715512
622573
747626
932828
241043
818548
513054
599969
204714
555618
146412
499244
612040
994322
843353
741473
461541
539589
281256
678236
605001
196483
704378
489310
549115
185429
161045
395446
737498
602376
168331
482912
232845
781900
338719
545512
184993
550577
994224
176199
195782
914632
182729
542826
282226
899195
660540
742553
440820
165550
624311
185409
831545
541592
417025
491695
915267
897291
878228
307369
512697
294041
157165
618061
162208
163416
174471
976135
275656
996592
494211
490988
706126
760670
314195
842227
126763
413233
780087
768129
137670
244155
653570
176493
530958
769271
697267
875797
452486
752411
129245
641650
321517
819485
152835
106136
149953
355241
572504
954341
262934
480476
232422
681716
853984
862289
135283
648324
565399
630177
360933
686184
386951
885524
156008
925294
287267
515048
906442
274847
341725
348127
349996
400550
200902
182749
189618
210029
552270
138479
627527
882668
868765
976598
387492
987269
358468
951619
127745
477447
353625
675545
194405
453126
878401
569512
385016
113747
727124
124693
282616
893310
736831
176132
122539
216113
302083
144200
585548
119248
948811
154195
898522
866611
529884
635762
679208
768527
957323
305086
147125
838907
354040
228086
381172
782660
143145
346362
119896
879646
684237
287737
416966
632456
117248
842535
920852
420045
734491
522044
617143
456195
429236
792385
631855
765484
800207
825166
263257
918717
699849
764989
586353
438871
127526
792522
840758
941547
425813
175418
859310
147124
350196
476706
402163
404888
727501
925545
611909
279773
402453
234883
667737
222757
281211
449980
181100
274421
587669
894220
972767
701390
501409
559260
516124
441220
223055
124116
152354
820993
653635
536050
773606
167647
863860
967730
170764
420032
189015
128843
656679
627672
341566
307341
257654
708758
452682
503375
394848
686266
114792
268127
269324
693121
136041
771780
944988
438354
386627
885764
231141
459428
320353
139935
631991
260616
439304
950835
799083
774892
971485
703232
534398
840526
149973
270580
662387
150945
186376
918160
707179
160509
957707
533859
618075
640995
261554
657315
690779
725520
479731
505852
843741
801427
417988
537485
990879
210284
823232
553317
180832
426700
732247
427687
849668
448947
106259
799340
810602
422147
587495
480481
602034
321271
921145
402394
279071
656011
843770
966225
309437
792521
622678
113008
987832
318289
105018
707759
604261
435341
609047
429722
949855
966846
417656
600269
417729
468507
658508
331982
470172
143899
227195
105448
666923
341051
525623
495359
427131
960356
841860
422628
553359
469683
108144
607043
432281
478139
383313
824634
319898
346157
526346
658701
949125
725505
264969
669619
530554
905745
492016
831172
422086
233557
740657
593097
699564
604240
357530
246442
894035
329474
490736
369681
303089
508654
206260
686574
809899
866738
753471
713578
405366
302859
826610
590883
676162
345990
889494
447664
275672
948653
938257
295862
778073
745566
709476
647090
478331
236455
635053
290233
122221
906791
549440
200980
502725
802097
414814
186360
540235
952668
236638
593054
798667
201307
853303
143789
122404
240766
338675
362003
498077
726881
753481
879813
346476
709787
169277
861797
844683
852451
655909
997893
211681
124102
311583
912143
902549
894148
300968
596082
164046
849138
793051
229521
870338
988806
908976
666902
733196
136288
371253
243707
822722
600303
635310
631976
787874
860258
101891
816550
632795
153548
732648
201753
269711
364356
383706
750097
991220
526222
879250
487165
803671
929716
437519
700351
430363
232953
443750
321092
318961
635278
111224
869193
146835
127077
844368
635121
450961
507364
994164
540953
178659
205818
662508
761364
625579
965973
999107
179888
553569
709142
447366
876524
648534
261172
357286
345479
547265
115983
854562
422561
450661
254184
682012
360876
966210
855922
960909
679912
943487
319239
484406
574430
421194
195863
949811
484966
773723
573100
932858
994583
236724
379223
316953
229620
918857
888785
999157
161761
262630
182323
832993
371673
729817
501194
326638
345879
928019
342222
882365
813373
702887
153780
923974
386748
968043
969326
675145
363372
712996
996631
732580
521549
576461
658699
532905
134066
607793
325850
996919
700943
535766
172233
574928
706971
887076
969427
686855
612738
704429
464929
841724
119568
506457
591371
740148
939444
373175
440694
316478
545266
861602
400230
569587
204468
934345
837377
887207
431033
737672
920759
872877
638464
940865
546649
494039
493696
132312
640547
293414
833914
161713
715770
856794
225484
203963
609010
396917
936153
175563
141265
793801
971255
581357
593722
121186
747903
619139
181046
907480
646894
260034
369639
805474
528201
578155
206669
451620
742849
314920
949407
874534
728835
855295
567368
749229
395625
774513
955487
599938
524715
721515
194917
405294
596845
590330
547552
710120
557003
569684
550232
344682
177512
491817
499312
130741
936671
248251
556955
314371
861584
340436
600439
866147
793722
909761
266759
587488
970566
142860
561580
400390
456360
620713
692635
481694
485605
212705
475284
667384
915932
664571
322913
477282
297322
762078
425575
475869
957060
528160
873938
837414
798577
383501
583627
407022
520482
743056
687556
296149
545243
798420
200315
724320
749726
577132
245434
875928
397154
821686
762285
343626
714076
192658
327631
279862
842343
438966
490029
329896
939634
712766
504632
370029
481107
964880
991595
245395
260671
582271
302670
176883
710114
959116
884489
746025
131083
754342
561128
487703
221644
691327
922884
411567
528117
226497
902300
854319
128372
355147
645574
796965
395678
469032
194724
411574
955727
291606
802220
470453
100059
432357
991495
629171
643100
863964
442682
734015
822255
194350
394130
569883
462165
382139
106084
346381
529804
588383
750157
736873
412603
464205
161863
507296
900993
629858
729617
578877
839614
842615
117535
837243
919009
697522
714463
542044
389338
859783
879040
159287
902953
473425
609083
608620
813442
122803
540871
225049
952584
259832
712106
528934
877580
117894
844210
166557
655088
235349
647210
142139
761067
744326
482023
282608
637972
490019
904992
700346
380829
702533
578387
148555
694118
567154
889419
547662
174498
491945
144528
990304
540228
833411
947067
745437
390703
690291
726027
728041
219064
315070
337247
768469
450800
907384
914147
272337
447942
197636
302262
149555
316281
265303
167381
819721
112738
615050
542752
718733
695529
169638
730955
432103
985437
286405
191406
313362
234407
992614
956726
252862
521718
445687
503811
784571
108191
426326
993054
202842
936834
751085
132707
346240
704632
495046
817288
675254
838496
994905
371611
229778
576189
389149
996629
954093
241032
965995
178892
305205
475701
808190
266152
605653
115594
375236
992763
354090
474657
328574
561382
525149
319537
678817
710431
540497
985409
818733
399260
931530
582630
830910
614551
451774
426125
144645
221721
405323
194800
525523
391490
516125
625030
414422
989809
823057
342996
105001
694120
807172
513352
263171
926895
666335
963000
158405
346593
622231
497358
744828
793855
396124
463235
898240
846406
166856
562386
493691
499963
131634
800840
810348
754354
325906
557944
714667
699204
109871
610501
820731
663725
691002
599406
821629
908912
751811
976974
566712
936292
580014
462635
627734
180871
200550
574086
870202
456231
299563
534231
451633
302682
903819
438741
826113
783228
759239
151499
422529
303607
100836
639632
163891
222185
407013
515753
673730
473621
640206
435079
934942
704522
495288
320929
124829
220513
641942
468168
617211
831600
567770
856226
990002
328993
124368
392209
153671
115271
498748
135370
510315
533626
488370
597886
643679
983412
826550
387015
819192
930300
378910
118983
159580
482537
875887
295350
970278
538048
322118
421719
614801
620291
752341
731202
981514
473365
110586
883396
513290
108568
714139
983582
800549
879490
765027
970326
551196
528339
613852
435601
207752
112551
761432
843129
423536
497565
405169
831094
935482
393740
403523
730090
320953
711232
812083
147585
686042
803308
850595
389777
610122
983297
529058
487129
915751
503191
563590
370232
478392
732857
862474
270053
666877
932582
569655
374829
965608
629537
636642
517576
834260
856110
772979
960094
419736
412821
604874
733811
926033
835975
472753
166849
422578
956647
181552
967515
938790
110769
695950
347759
962609
285819
251462
743057
981979
186074
534948
853565
526561
882169
513343
714636
570491
262462
670722
986906
294499
962658
196915
949819
365469
662713
845628
641155
840405
498916
626941
537482
694235
319642
765306
563577
779755
504900
347936
311800
803495
879056
979502
380520
602975
841161
594018
939971
625692
230884
223672
723773
905628
590566
377733
792905
953526
453709
657470
579111
623986
460624
173157
427770
451774
835103
878510
510615
571468
989068
426401
190104
345114
933524
983381
301296
293881
582680
569378
759841
193736
116837
953346
552224
557691
118411
889644
276911
321162
175759
707672
562336
114986
638823
550824
785468
144370
914501
898965
121681
571578
138959
233578
652044
805351
335891
894201
364225
631612
207998
360343
716312
497126
133417
592563
104760
536046
520396
381721
916073
932410
798091
959149
692553
474514
925830
183873
244008
976487
749729
324815
987100
275745
918065
135830
240895
998362
814146
919569
987723
919802
688313
126617
281303
266592
587214
255174
364686
583708
912676
738531
961735
750017
913226
952608
998647
206026
837453
206312
607955
775179
691454
210499
319186
266696
140155
240946
309795
110091
865896
321370
984867
647236
839075
372106
168491
425723
680110
191008
902643
132825
726046
478863
236154
357827
570965
823806
406356
335923
757914
935157
603848
790328
192362
787868
301544
832912
272505
992527
547940
791035
413084
100578
427426
334668
730130
350132
996424
647972
709254
381166
906449
129772
150610
157480
891332
918710
376795
832969
268681
826471
427961
252663
121930
284494
312331
112477
744266
916859
730936
482721
738711
405723
944631
216377
668291
546058
630869
122130
781393
682445
976230
894447
382823
395648
986509
437792
304141
155161
455181
220469
969763
167320
356567
616156
679997
738984
179088
860433
918205
726348
114234
588869
663897
228635
642084
237789
412998
866645
802447
896219
937883
241852
739875
889916
861204
378946
726365
185304
903632
894492
237360
755354
695841
412309
908870
431472
523481
546724
255812
784613
416681
115354
583483
151669
525629
558476
499212
993964
373234
694020
732636
801655
448968
283148
131630
905283
289540
113663
343042
766765
857851
642314
820481
434098
988152
843738
282704
502912
692568
985897
449720
349180
546514
847322
651581
782243
698286
547267
704993
890705
565330
123878
604863
819572
226967
115781
343123
464253
895667
739699
761903
994734
733736
169364
595240
879086
283167
392460
167201
892018
106877
572665
913709
616944
600703
685322
329746
157006
685193
115533
835683
394707
135946
839649
298925
734272
193949
320945
611626
571518
316934
313063
468688
348033
337317
841757
149181
491417
550825
926240
708631
562636
243922
348272
132651
839933
891113
495554
726717
398910
640447
609871
263039
332555
582256
460614
715105
356902
997060
603893
132198
335961
373867
742882
984747
143495
466774
984362
408548
519108
401295
799351
568047
293347
364740
347876
263927
941008
520477
722896
166838
313183
424635
795030
521935
434362
630700
175992
171644
537409
812838
515209
818598
532748
610396
261459
669704
663367
181301
884062
592209
414362
615562
294242
505940
451660
504005
729231
827150
317726
940338
280583
734603
331038
758676
150575
879497
990749
733021
689188
333754
452541
244891
980818
750332
417654
430692
724516
864631
996789
719687
350876
828706
278240
548339
411505
596283
526834
403340
410607
980896
145347
846458
680422
822811
202130
682406
349789
633548
807282
516872
404875
351623
905101
841431
647028
266184
380200
211225
445949
736030
237844
373629
391311
745683
981401
197499
452732
245241
745677
265120
407981
437770
146115
953116
584103
494141
367593
810496
631045
723994
364461
198528
135769
642591
299035
782551
725161
535462
325992
654907
414220
391441
274918
438313
826219
922818
704485
803892
556799
465016
358978
151231
227362
498057
529777
966932
507305
164007
718274
334731
471001
346823
156256
355307
220394
201637
375095
699351
385365
265047
233452
736955
513992
548563
804768
385087
506826
312134
706213
528779
457717
642566
939550
921021
662593
267294
254931
174046
948073
819288
646581
814101
505916
486616
299318
422678
831095
908329
530500
815020
624736
448389
662226
343228
858579
870801
432271
642047
234656
323657
125082
945653
441439
543642
468885
543203
991827
722110
735224
289745
270012
166962
458165
133357
444380
227888
134638
521683
284316
813841
524247
421176
139580
226093
911359
666411
659158
301675
798401
625477
120640
556179
690292
106917
496050
542473
908715
677942
554277
107725
912157
474578
936110
386465
251525
200745
588041
553475
182703
215649
670364
746561
719159
387416
275220
593274
772072
958252
243895
120621
722212
718680
994946
995583
197256
889370
522583
604374
484760
583825
950700
196952
732802
400969
262381
579977
771413
913809
281151
170340
437206
407413
289687
777632
492230
254889
112852
312074
133575
192421
992287
881408
719579
821419
323120
612444
327978
822035
456866
620186
947615
439102
525403
557108
776397
465742
939677
439206
789844
153084
517501
593788
749198
719704
379289
856942
253537
160207
266127
722437
835674
420629
823555
606836
402570
579667
555758
160967
331165
931368
947081
698972
375996
622535
724943
821437
281667
890089
575043
787359
112376
975452
845329
358288
563471
193273
274276
112131
430110
942378
732856
278926
959521
912316
142375
345889
104496
235465
190120
558686
928011
824261
141217
996109
477238
279549
609164
979247
721880
491674
666397
313972
414800
398979
173452
386978
152785
393964
551256
352251
748481
119806
889193
977051
589890
613473
911198
893600
512008
179444
605770
866000
428372
100488
993160
980169
834995
773562
126282
283653
797806
248639
478442
326644
226883
579887
347576
239679
805841
385556
175749
588418
348408
169847
410226
777925
331021
868529
160125
592804
484994
202716
835006
950950
925706
758971
243907
821616
279720
671215
818121
465675
937182
384372
376374
554322
343325
489472
238661
906646
450074
619027
609281
637897
111424
742739
144805
548294
616107
410329
481338
194875
572460
627206
696509
899978
977016
434628
854747
584777
909353
156678
912493
558771
387230
747158
684588
608088
588685
118546
250776
112119
632870
756382
891138
287056
353706
407826
357514
473445
118454
506470
199437
951665
946082
922093
340308
531921
820236
365422
382293
326975
361262
914573
297612
296418
892787
436122
676603
609471
818369
501049
657438
337792
298373
991345
965488
250256
152492
795592
547100
650292
127176
103290
785859
363629
503812
437192
698784
372949
904653
865075
314836
758707
482965
518680
809507
278372
328933
715036
833575
863088
651558
326335
707157
909802
801047
371649
976316
707046
661282
755055
708103
380607
771138
693362
996280
212795
204269
835119
326012
320744
439187
452623
105324
508535
506311
737102
738652
868819
821544
999054
540207
548836
473087
673102
960365
585677
988587
205278
787232
903822
138888
436171
483395
972324
471854
162563
435641
428544
199917
778425
707119
363008
711026
395563
970294
552191
988305
933368
857078
105115
901441
300572
543043
910743
459733
978429
673572
828204
641136
332682
426388
892799
406127
144120
554178
823528
614530
843276
125798
590191
339365
561335
981935
660505
410131
776338
465906
560484
616358
513741
978002
163709
984747
969149
918736
364855
876589
327779
703303
198965
263902
600412
315790
720741
793122
719263
852982
171600
667662
563204
923697
264479
496730
131179
394362
937424
375391
690970
115512
350662
110398
898862
416698
625157
613831
664565
337321
986392
377871
231171
744056
251956
779254
268579
938242
705253
959277
354843
559612
414263
219071
728924
754175
662176
277514
650759
923033
190887
854252
222034
404941
689586
189471
911008
221831
402409
234515
711133
202231
311188
903785
498664
720001
543755
998396
973825
709856
155469
182300
585407
407371
359756
637784
138617
577215
452995
276466
245943
503742
316588
453857
630591
419829
913330
223407
120118
274975
446760
893708
423945
109445
487052
633122
467781
323307
666693
701274
749463
827498
135430
897979
446788
840484
677022
844493
716228
318924
809657
866564
832182
240995
170005
806083
559986
150073
704589
807476
817651
106183
982427
620488
274502
458680
977216
260296
784058
650203
113033
475271
400222
497634
886863
580722
447687
570293
921658
275490
643055
513504
979386
128987
683105
642595
397837
777611
345915
333614
983157
582932
574827
835559
261171
772704
728392
445241
124108
681364
411334
629960
364001
546434
550617
666214
370709
662349
168347
527091
381484
903694
518494
821179
723818
337674
584883
656553
436618
949801
859517
495865
864741
799480
339245
687735
184508
177876
526828
754671
751686
793092
399277
759117
631454
815402
197947
200112
756283
963177
513077
645159
925443
561059
901674
510059
249773
333293
916375
955957
533499
372590
477516
801967
300564
811182
243613
394986
161744
945312
844087
418926
900471
768232
318162
419927
308069
167583
880742
464085
167347
575960
944668
208293
870504
883150
570825
403797
879961
340884
301193
666050
542387
611826
788292
677918
616141
468358
401404
198995
611011
546218
437527
830756
386302
828489
232742
161726
840830
322973
123420
317468
230718
595359
135094
611886
614563
264015
480089
765923
890775
859353
238018
585412
403814
934612
282588
590746
159692
869444
833363
145024
256710
931632
695467
348657
355348
256878
266979
899721
736934
382462
988718
503734
452974
845117
874628
269443
217479
375146
779214
412081
640067
436988
667445
413401
808065
541796
121882
867058
518147
796409
119780
780845
973661
872769
697718
682647
669347
887772
365426
541939
234960
216217
627612
309204
622637
831351
133027
459769
942260
624135
501617
743278
836707
669099
165645
206969
149622
577889
689320
104365
404174
451073
195712
223618
286412
806382
551893
733277
349656
958240
606158
913404
241507
500241
448579
191900
591594
576949
785598
321817
309227
166749
899165
708200
239497
688219
228296
428647
393712
805099
200596
741612
850766
695881
558037
844403
942334
596115
890198
804869
979260
545356
998449
300963
315487
540107
597253
720443
236155
503953
998683
117105
908258
288960
236367
431845
817567
716896
967166
816817
437630
718867
892439
287967
190374
790517
202407
854671
681760
364542
454000
835244
783376
957100
681935
422341
267850
342309
783425
141596
501177
986942
830368
987701
381668
728175
985535
443639
749850
563937
555943
935130
360905
599176
503433
551008
731709
739276
636036
125685
246465
858423
456866
348532
236945
503795
977642
979201
759130
286884
856131
131365
189930
518460
758709
817525
346347
679775
186871
405206
239721
242641
753694
323672
475691
670641
125924
291717
859717
689785
318012
871108
825008
516104
831217
409899
165324
579527
167475
230853
878422
227023
102147
958843
953689
909221
688926
134874
872057
457127
323005
367260
167991
465569
918907
929994
978464
596042
881528
119813
914624
118946
301679
146413
932073
230652
908708
430852
232836
661160
492570
839422
226426
732644
307799
896134
160832
181990
532605
658422
516997
250656
143413
107221
262324
154530
341765
290702
288698
866102
768566
723429
454923
684900
501324
336443
242673
566956
598539
312384
598316
255017
842155
990179
746943
465649
339757
938140
616102
546286
737631
572866
323043
119151
641148
361604
946038
663239
832318
285388
595815
158171
364145
582169
442370
377124
990550
832160
673734
897403
941407
588375
706503
756617
220871
780106
243094
699379
180325
184312
613824
412557
393529
151285
174369
421496
373785
400930
804573
817483
890055
204350
709607
206333
293410
975597
176969
489683
128886
874638
594584
467133
179311
394588
190960
935742
633151
344482
479800
267448
651859
360533
812126
558408
659605
558997
957878
806672
377910
109230
462655
121153
742446
919797
229536
118006
681803
793464
197553
678095
906511
912267
929414
187819
153326
175476
778159
453751
757486
593960
496381
772200
159933
925387
773615
822886
835424
103468
507690
993194
403625
367016
105540
502373
301378
773568
892833
809794
825827
638154
292737
787821
938296
451367
884580
641085
675492
241690
828272
476869
754983
492876
560996
237207
308482
939519
176417
511826
565028
463623
416887
616879
604081
967685
939147
693801
233938
184110
103347
283858
201430
532585
416667
519601
817058
916696
349365
116074
939002
605597
886323
504335
193650
173169
728651
342185
238599
148867
154953
104147
153411
230638
708607
537773
644214
178708
215056
115373
788515
221525
139390
619349
255128
532079
439283
979786
633755
655895
381831
827593
224220
660919
534747
785082
570798
855937
298744
217576
254741
563261
505622
380679
790868
111411
544282
581914
815932
572141
890045
445497
437105
144444
159800
692302
789458
720138
393620
581225
407364
887126
126348
511659
504306
383209
869252
545813
250252
815343
101772
490060
400966
236948
499384
686120
551733
748712
948865
540313
390096
543849
119939
615897
698176
878672
788773
177280
275502
143520
598917
325565
693048
287188
710450
159309
573609
970558
487515
815592
957273
460833
167661
524314
588777
735584
861636
872594
788634
933785
177471
139509
747419
768318
841345
560696
312299
871546
423229
117675
493904
626960
354441
662919
338960
671674
383334
182124
275262
925855
775946
880110
357448
809546
116403
781229
684020
940380
776000
585651
319461
216893
455189
764101
634980
593530
830412
337700
637002
386956
299079
613795
195300
589568
664915
937565
864646
839205
190966
780443
483990
905108
265007
777105
993081
347984
790782
409367
454916
995152
309844
242770
208336
450272
586454
954036
559372
540147
418352
221688
821936
420107
513813
774403
370776
150828
576461
849924
956962
129540
442415
884697
801590
665619
998146
132943
782704
614188
195188
353282
301351
342265
140283
219284
146381
490535
922606
861344
861516
796821
317887
535672
108911
390893
652033
436272
452350
683410
667246
797599
627870
345828
217251
193898
986548
778117
601204
254833
999880
843099
455930
411249
712274
308967
838784
951450
769300
303586
239993
264081
249260
671943
154539
597098
673876
863889
838598
759991
998587
182259
218472
336261
518612
415841
157915
394013
559369
971621
579062
756470
978212
134806
840902
573028
223393
977985
260472
676068
734921
648680
974865
545024
746973
367090
124546
680839
299004
278478
365486
549415
804169
908107
508841
356945
276679
110020
503272
763309
955440
933009
440350
365044
715332
426134
396637
495098
104815
295273
319679
432875
741272
397390
620286
347302
966476
234245
561713
123712
235466
539258
286961
398065
330269
266260
653368
520424
195914
956025
204969
261015
931584
219381
781583
569302
814721
516290
931423
764655
102353
987206
895799
290946
352316
400526
866112
394367
529352
340219
314393
739522
286477
199235
267323
351849
536543
310811
232845
587645
405706
112038
998273
939338
448397
460878
433484
444299
149476
288609
330956
945476
400939
346110
126570
320086
314485
833351
711437
276044
365699
225276
163488
958769
991388
627921
637521
448201
531948
131972
533813
941729
558872
975682
838637
194259
623178
342048
695746
943534
368359
530199
294514
995951
857062
142142
706444
233594
497206
741893
164481
460976
134139
297007
121787
241599
721880
991110
618204
890507
602577
715731
932619
784865
955790
873837
742654
642461
293880
119713
955306
937192
735514
810355
793546
591077
123459
795126
456443
340557
404588
357534
181172
108089
627194
368384
550220
316235
739883
471249
591725
720043
476975
479733
760298
338362
437541
309148
395104
890714
969099
259182
545828
595683
621028
672224
219813
701191
402922
405413
220294
494359
160886
436834
835434
936442
566280
716979
424360
664940
127233
763679
353366
131793
693444
523210
592114
513446
266192
754605
121042
660746
773888
456050
536780
681248
186232
771358
241297
394384
604079
900034
983059
756034
343985
597821
720749
439468
741387
871598
759794
634532
752390
205086
559785
505954
812939
796932
447681
621389
876739
126975
810421
610858
605317
866894
733593
525855
498595
891964
927487
689979
774484
625153
246336
873229
715362
695570
641273
743716
501600
424870
394312
986115
486142
557293
247272
301515
930171
884643
727957
840353
319192
610569
203735
787635
413177
717809
606240
962243
765502
890158
719157
375733
983101
794877
257705
230462
870291
363884
786716
633921
650439
115253
373256
570262
125396
878105
127950
776405
825940
646401
686686
997519
195042
691554
478526
700597
786846
853526
599894
453789
732904
739840
402754
246549
251852
827257
212224
924319
663140
638026
933728
814082
693239
175718
240401
944419
120826
734759
718095
358705
262431
480891
971070
875370
476686
779720
653803
277518
581852
813727
494850
887249
774267
859165
752427
401412
529837
916652
240220
152977
251051
103106
377124
126377
407852
203990
724574
996740
906541
554381
160421
318313
762189
360458
628158
907140
629004
465963
310762
623165
404033
974690
897812
970682
838332
501667
381663
651874
811593
634942
646621
151121
221577
961251
239158
993176
663830
490043
874547
751167
533039
562154
441741
813542
969000
507789
387187
347996
786613
990017
878877
799142
319298
401493
129040
195855
322170
213867
354309
431287
631391
226579
291818
857353
367105
579786
247087
712179
752513
413330
742580
892473
154259
479277
660894
982984
717474
671921
485258
899552
196465
790798
583957
639379
268730
419601
932376
278806
596309
315839
134680
509681
110359
608040
741919
892109
569385
962742
978935
289474
288031
604322
599406
462054
353965
304634
781496
534216
532557
938371
318962
392123
960127
901284
319028
870385
433542
766339
669346
322036
290468
796882
651159
919229
361375
878227
784556
675863
295649
787404
528487
439709
387027
317218
820373
579540
868427
151279
133142
187888
637965
201742
251141
124162
329699
657109
527918
993656
485861
905304
520527
373125
479176
756372
888801
686562
281310
290082
260249
610360
378259
969257
100804
964365
549224
509400
283266
721761
294387
306135
876501
107085
419448
520893
767924
391468
687363
319102
761494
690347
779314
764443
970990
227066
903958
986084
926726
789901
979845
157869
417826
630262
935147
341047
755886
446824
956610
666076
151175
361538
409831
456545
973114
250049
214670
361614
374310
535258
872876
485415
838374
392597
833532
665661
262527
387471
139053
911754
499205
628907
279419
934738
243707
654754
953716
282504
334309
454079
711562
971969
694064
950214
269122
896087
517519
318882
281708
328599
614120
314516
471076
431876
434609
851304
407044
190910
972041
292042
192039
712365
600816
296071
192737
311063
356559
592024
275043
447590
938697
692432
848908
436804
173981
743941
835842
168512
288444
585204
711105
567305
717917
534785
435366
996988
495732
377966
496348
234753
945304
850072
420460
282721
246716
175302
914074
811690
713084
944709
282656
648496
653348
186337
806722
300019
730529
150160
554972
218304
483408
165213
960187
780137
698853
982641
150908
638551
756137
231913
815550
351835
141177
897760
157074
394471
864809
898645
322833
819323
305478
226767
768975
640228
931630
873065
727815
734218
526715
722095
950544
918892
507787
364906
918448
524006
307742
106774
150074
180701
840687
892454
727825
655846
883794
658651
330461
743082
626429
926934
372214
207102
999995
479187
868942
317063
912063
184520
728876
124814
579773
713502
942921
828542
839755
766085
203814
722076
863103
308783
263420
329239
682212
994907
636091
656937
121398
263885
493116
522646
804435
842085
699567
357623
133944
559646
221183
329342
662439
225518
129944
158176
425896
101155
967029
597964
321552
631135
326147
960956
429236
286981
384416
904584
423351
777335
700404
103693
486262
186113
945454
234027
957775
961974
861473
919146
262695
454718
908002
749016
694783
917236
372947
637477
169564
369550
338107
179359
832712
464977
230737
152754
828201
750054
424197
783496
464378
534258
264112
435961
280359
995290
584607
580616
559536
170084
376136
967198
236887
334247
762814
800414
142514
977667
835494
267732
790987
458702
473669
937393
928521
555909
254003
314661
270966
347448
452994
166468
563391
192783
406401
652867
227866
482679
152819
376197
812773
172899
817657
880904
454700
272557
892127
296976
700803
836880
927454
574518
472693
920127
607610
929922
982963
394797
626752
851075
890929
633744
919108
150230
133400
253027
916801
953323
675921
447745
322379
402216
362872
787472
119973
409331
340540
996516
334202
170523
183527
622908
820458
536759
564438
833094
133004
729148
712460
448203
813084
481916
457304
995349
812209
674212
684747
570950
476871
685112
308001
449934
149301
337498
989454
903705
208632
503997
584777
938912
904939
807153
211806
254329
655489
583086
284913
295854
601808
661352
526547
426152
579004
744007
527889
260202
918085
846270
819626
673693
559042
584703
908839
159034
320375
394408
240828
562973
392082
793365
731729
139997
715271
668965
403048
924942
988245
310980
569445
140757
277289
317616
156952
522893
240752
122616
684616
442302
996032
770705
968705
916099
468756
325385
281159
400422
167273
326472
284755
735101
615348
650879
151716
144154
455723
903461
499368
529711
267384
447291
439025
148438
124419
277454
577294
853403
105827
843819
362143
245618
178442
440435
136219
438918
549707
230399
911929
842974
333869
179488
186285
416063
847049
375411
479317
329458
283705
174932
362308
