489766
496656
882460
559599
640208
641151
108106
807855
708370
872735
872205
806725
152540
273687
673618
295600
317965
150295
446334
897969
328920
280336
594458
883369
459979
973757
614583
896072
713098
278378
110245
702520
759519
960613
730400
876163
422549
863203
683267
322950
392390
438909
481494
414010
997666
322941
849266
223390
268624
939195
684884
763953
316115
810891
998736
111888
384802
996672
434703
602594
630509
762960
450570
971356
314670
979766
793893
926004
941044
700277
460341
240008
573819
673451
293703
805511
577719
126884
825090
222194
871963
374106
552999
796624
673559
205750
554213
754103
416216
507876
271087
883631
849033
732473
376491
827952
621503
851630
276857
623457
335020
959697
638422
736533
385141
889389
583484
772432
438619
995691
664189
739250
166880
234308
685312
816073
611902
280213
479664
810372
599634
583121
379918
873563
705990
923038
719302
279440
244611
221602
439922
553841
187838
638594
660335
528392
389510
123816
741493
475863
157816
704674
953208
451346
564661
236178
818270
994048
199981
249480
583897
233990
901988
473203
771927
661054
487074
646649
709225
708620
919325
553722
739336
748067
249336
798986
380973
879893
192543
383395
629316
262073
510921
916252
632323
205370
672870
289603
410399
902869
522073
310150
970513
512101
834268
518156
782070
639522
625376
118160
923893
120998
355144
955032
387884
142524
492710
608980
303493
427771
155003
686820
885463
525002
712607
806008
647659
553041
688714
534801
107339
947752
518159
568963
807266
873155
261803
670670
405997
898905
841752
865439
398726
992024
855505
952047
436540
337089
367990
600118
562476
291283
997562
244855
787795
879216
228508
980199
412666
582809
724354
927843
205216
732385
537390
829566
543512
789514
693207
887927
234844
521872
458642
774931
971937
760400
992065
354315
455817
294007
904245
702113
721779
138479
722031
156918
326363
560750
439075
609380
259184
171167
526672
631950
453734
953638
204335
798923
688611
379910
430036
130651
272504
534207
190645
575883
641388
740528
619817
324014
483467
871713
665654
214056
198871
797976
456215
294505
930684
329142
290801
414883
397851
164652
828215
884602
496964
355993
332715
562500
380554
759899
466032
433487
563339
368767
669483
519088
898065
326264
920410
413372
231892
674266
555740
255708
614090
512980
931755
340898
968823
808820
654327
845728
536582
915217
464193
307607
841621
620031
769258
892650
435807
152498
739955
897140
948190
274806
134867
516918
129897
631277
355698
960805
335928
599570
340393
240407
657944
473755
915506
842857
675728
299621
988729
243381
820118
525960
598514
635626
965225
172293
166453
863089
186512
613199
668771
266966
969487
790651
844199
357234
746050
256525
774333
316335
666088
294851
360978
568971
379877
102848
261903
398138
921025
124067
632848
446908
865530
497678
770108
988687
594642
641531
936819
257016
758630
607274
134753
238647
802252
882071
568984
518945
993634
530237
957418
568678
737926
191698
768709
642172
137108
387648
653662
624346
450870
215940
135557
635633
590864
979099
918653
743662
374714
734319
170873
913956
918125
765247
914549
150079
489450
972771
787956
205133
204853
656348
846953
180537
732938
895211
758147
109263
464161
402002
371460
772846
543439
709948
601382
927545
788618
793473
195816
157193
882050
803529
334487
426556
863024
840826
693544
695465
154274
290017
494980
717542
833154
315594
506233
785353
183693
810397
422900
328558
467700
379068
191981
968413
665068
262972
882276
343082
490961
923689
124200
871580
626174
723625
959923
331565
721131
427939
115549
868885
443421
500006
571125
817594
183706
559948
617339
869190
994214
691059
879450
866086
395643
504641
852001
313165
145797
864433
907695
309245
682506
646215
755144
186801
343583
386167
885118
463027
155389
133797
210388
999497
925140
879960
637167
836494
436650
140999
566123
776964
943033
876676
251591
423513
613120
454958
866033
106234
203574
697773
579117
146725
175012
394594
736787
960447
942597
978931
219151
328712
458366
514984
836312
873695
918127
886308
582325
115952
673058
839799
873530
817377
314898
616092
114020
978859
767060
832844
498415
306870
237334
614012
429267
986879
241386
811406
454827
614433
909491
132276
360032
609281
474626
694806
261338
186143
582769
333587
974515
826696
146840
576919
744684
660630
403709
395569
411156
120896
355784
760613
780582
699556
327945
642058
395812
831340
278525
116394
542451
685569
612293
596165
490391
919560
233031
413298
517866
627877
714076
138368
222904
514345
394974
897485
802653
629206
953446
605728
938541
522764
500333
366231
802521
621292
556337
727902
511511
200524
783087
934792
508477
679034
985296
219897
114404
626502
871766
565439
491320
198705
608923
289334
595915
768182
542468
257065
967597
737751
409499
626008
919987
101357
489199
993404
489708
178239
341364
641611
382061
806339
963179
655065
478243
106227
807739
671089
133987
847801
883230
117674
472946
499388
841302
749828
808840
837445
497430
910009
270260
253650
375194
218042
658310
751584
786800
435367
686041
253745
607711
287781
630682
339913
327859
207949
527554
855286
550675
234629
333483
992268
456148
741986
843696
723483
455595
365455
195493
411967
575462
748485
470822
190500
117899
860368
690771
375130
461307
878124
382392
397466
626587
768444
835773
751690
709650
544930
357938
131236
246371
588864
543245
310990
490364
707814
345974
574745
339854
900052
450558
576280
639830
180507
265243
230128
841522
966704
473943
926114
914965
993547
461830
267633
803963
314740
605886
919582
776000
924671
371111
545617
610185
865974
160820
512682
751334
767988
903998
453332
595647
331496
578366
266255
465557
274876
999611
564189
455800
457627
251311
416383
315880
215751
343237
498161
934277
231616
415288
476337
704607
969737
555465
186809
350148
484659
546764
153729
705512
958736
233493
937054
456328
256874
934565
624164
126435
204570
462926
428405
217597
632640
991513
664546
342826
853961
401810
562458
355043
700886
308988
281621
233481
342109
451204
760635
743207
543363
795552
555635
956544
342931
601807
364232
723302
878195
745705
351937
298841
617433
466337
257278
966140
903396
828232
473715
970423
253625
212980
398305
387324
349204
245644
750243
240400
260359
208165
688265
948522
669059
915108
723253
992425
713187
231652
783310
610988
919552
600916
399526
240365
509145
871899
956523
516242
336376
307387
319390
997980
313358
498766
331069
865448
686279
615752
688601
752225
133813
287753
846080
953878
577491
219666
773911
869454
347434
977388
584940
542260
130711
553155
953328
205649
888626
398153
846695
705589
176230
618829
271012
977288
494637
793978
765392
311125
764774
256672
595342
291103
542918
385306
545645
499237
494837
612604
222099
778815
999469
359732
729446
327890
970342
209785
830252
872834
898334
984235
527889
412085
256433
947155
169350
194692
410735
164677
659973
787163
656378
897266
722427
902644
178946
438077
588353
293318
194435
928963
890176
668302
170887
306053
927960
291032
796806
363678
620171
276273
114948
861951
913209
431251
301852
693789
623002
238572
734023
196273
873445
921749
977985
304056
267435
131999
820593
516716
245803
180438
814899
766510
378062
409983
457598
674892
534983
190505
961595
802961
326061
773586
671434
804355
922254
798881
795876
970804
830646
295259
857378
385593
785451
555378
372475
631593
956453
204615
481649
752303
554535
649000
172608
804541
718620
411231
815607
241924
438297
685144
187313
591527
793207
359092
897368
697030
439321
641560
371764
901890
947035
890619
636425
850394
416509
619061
754813
592841
103355
419164
733784
892299
169597
720085
661970
287096
586925
617474
457733
409089
789230
433330
842616
290006
225852
584988
882604
789895
475483
764370
574124
202835
534081
735610
168550
202241
272557
217157
124101
769303
918654
789783
410486
155118
293566
121914
674356
216426
585163
295983
506923
751903
339658
740949
413336
862765
264677
272423
256130
328233
499323
492354
444565
342057
473518
952185
706353
541710
270828
349680
868112
322971
587413
286826
507486
291345
802966
552340
533429
213591
880458
506491
421833
253470
337137
218381
712626
958919
691377
121580
286941
617974
157157
519195
517623
564564
254200
599047
492491
247839
723390
328978
876742
411139
410661
844904
415600
695595
892891
662040
993278
109725
804210
829128
869931
691531
518250
484453
751422
217993
623503
193995
932650
594867
859962
362562
982919
244245
826805
850646
731501
744571
355795
362217
658611
883963
558529
703568
274371
486408
301209
654238
137607
144762
334889
987092
626734
295683
480939
914078
446462
828456
420571
308993
769968
642582
244000
663110
862867
428963
493779
100417
868271
623255
781055
325146
912401
780058
270980
846351
269582
750705
467024
812177
343064
121350
234724
260356
863765
371712
769162
575575
690659
194683
836892
372683
690019
720754
861725
795403
400320
276005
650351
110006
246735
678911
786908
820912
506308
754368
456429
290120
180147
868163
581567
744914
236600
935411
838043
987445
209479
841260
647530
724880
151996
526104
551238
819998
426379
875677
789074
667249
956333
800293
443550
171927
634472
336662
417940
544208
409291
106887
657488
487459
822069
889038
584021
203262
767146
239351
632398
136731
490253
442397
976416
455215
281003
196708
511540
219969
815317
332531
813868
606358
545676
745519
121563
446382
361546
458757
608958
326214
404888
620227
554263
808262
418551
125777
802667
892334
666068
488301
909190
656076
460782
705789
325633
823345
848779
501612
148381
863887
234418
299835
601500
890389
535434
211922
171015
598571
781770
592275
972795
931074
987600
410419
772197
262621
349310
153696
319478
150997
729392
554683
487609
190614
745412
832417
706742
192117
700261
641643
379682
715638
287439
465987
121042
123741
896643
124848
874415
258385
808709
672448
142253
116576
829157
681772
900974
883612
763468
375395
781348
138158
690713
523392
905816
551503
688978
708858
402241
711481
695921
459698
381151
622118
769795
870823
231194
670568
660360
393884
832648
500226
544043
875032
884375
877535
738460
819136
664687
464668
492168
515491
444098
647293
858642
851449
830981
969220
749370
331493
579258
778482
784636
671986
904464
418207
742496
191421
454896
388836
734741
881960
897078
104274
640844
336575
672540
241050
973815
485490
825267
820998
498189
426403
563440
656133
281304
634515
294472
560257
927167
474137
107446
177923
604107
189644
107411
692181
862532
747779
227728
318453
215789
818760
927337
367704
246573
603423
412158
853602
684572
758069
934560
393239
414760
505865
365297
790206
744015
274852
778987
817079
524086
765404
224387
335993
718992
205883
290014
513003
891646
384307
638732
497541
520458
459840
855201
556636
880766
153585
393731
876967
752903
502482
708436
967512
429764
492236
931918
304405
420072
288644
855979
846125
308713
650730
428174
675571
615050
139906
338250
795786
570666
795383
102655
350775
924261
444236
720409
813373
776287
654249
920200
313483
589848
598910
413344
196988
812236
971092
858827
882338
865246
352960
542527
857714
736034
360096
993789
546897
753475
415905
805535
740501
100067
995476
761528
735444
124349
832912
291287
261043
119955
629048
795615
141472
622166
520631
172054
197949
584682
583886
144959
879179
649885
963205
570983
938417
484901
328924
589897
577808
405266
429784
421698
704589
352599
488868
650335
620389
777503
964116
239308
131967
659684
685984
917677
638683
940466
951541
921776
668054
694626
590311
927955
966288
482314
658029
262297
676591
317369
136087
340890
582288
420688
115330
941657
597942
792155
460575
985871
246462
742045
142233
688990
655852
601278
646571
549691
678990
635004
909666
696175
765488
288657
712144
561740
709316
968591
150924
697559
108664
593116
163976
966485
924586
187830
662094
464331
472114
155677
165657
796370
790529
471226
728725
299432
449874
736025
700106
607215
908349
618212
203108
215780
134735
218036
223761
564297
930560
317484
372969
582393
867351
772188
793764
568203
630123
628653
333338
387530
454090
649522
894510
176733
497894
783544
747576
393156
942328
248497
966845
942423
114899
523028
103020
445911
339930
102362
890665
582073
191952
924808
460955
523329
910490
923332
964174
193291
297199
625108
631743
600490
113895
404094
248098
389907
205938
756890
208676
542523
445184
698062
736219
741317
485084
775848
698484
590770
293566
862000
821127
727913
516746
369626
191147
390963
849365
210504
970920
719238
510476
791381
220098
418585
400271
198302
773170
804437
969514
569365
757445
548481
100592
928013
345371
598373
175948
521471
933973
796900
762435
341901
372702
501300
892055
336519
116389
927965
704483
348344
290005
976064
871611
903235
713189
559689
747213
259134
593596
748788
111167
927215
485303
480253
964698
487359
451226
764901
219186
417867
539062
465543
519512
938434
512193
142941
847743
941888
928879
503686
309186
678830
634975
158959
695281
955282
774741
887911
874948
635019
701318
125467
543703
346531
908315
423862
733520
309953
207073
794828
434226
962899
412805
605438
228206
817622
650954
708457
197658
851878
155468
919640
955796
398364
517379
349945
319170
313989
609003
671195
708981
442482
999654
129090
923529
768674
733586
356440
536473
695995
867014
909733
391753
146276
696678
886137
326771
872670
561052
659744
909272
357967
453931
602481
402234
518426
674211
291831
939195
747767
598936
399243
708413
829864
516014
143106
834886
475855
424788
318739
983163
757414
675631
372527
950308
337742
209459
636819
550277
670102
911605
390434
876424
238504
720552
138969
454879
829623
495538
948095
193068
271891
186170
952749
540795
201111
279615
492160
629850
178600
217107
677393
973402
284569
440995
881236
351472
390006
112344
147119
758059
248583
181757
244299
399750
363623
326927
286528
505462
790191
194150
769574
705773
176481
531959
594503
482219
189299
289830
276073
876303
231632
601745
835616
444063
100135
294464
895398
489360
688192
338477
199953
254835
261314
348635
203270
297523
977491
293615
282967
665722
140536
836970
227164
600000
549841
857543
395741
198884
601287
690532
462506
888946
127635
855533
703122
326734
204541
988437
781071
691147
939157
281683
217144
235427
481315
469766
238166
408575
224815
597097
689737
719773
729168
189158
224593
791186
545066
594503
733772
143914
830423
479344
554686
523025
729595
994827
411866
312826
217269
226221
109922
218101
286481
825554
894274
457510
927655
688717
557760
270784
383874
347103
731615
440377
541386
320474
166264
375652
353921
787205
667611
551197
904566
691503
459616
212448
465230
322123
762181
921576
635090
142068
473017
190750
836593
728334
952533
659775
782871
792195
645758
572147
984965
235883
279061
669010
279316
830889
827734
677924
489368
965197
563819
373727
334683
968436
882906
567412
353135
454083
434485
951231
722793
150959
855696
196468
875748
421222
627424
305333
146287
324779
398440
429717
614428
685865
651256
718513
700635
628268
915783
754450
345779
622709
720464
216531
189447
789288
542361
895553
259214
563997
876406
338637
810213
171713
378896
447110
378370
119291
556654
587673
969048
854855
986247
293399
683946
560596
320649
650726
757335
550603
950125
790885
169271
217065
976270
686488
103851
447242
445591
804539
473480
449244
739510
469926
165571
122914
967520
586851
529793
420579
603350
312047
967892
765677
250136
372959
593356
605248
728984
208690
575334
115662
861690
993214
574237
930754
671863
185964
814205
796969
500718
477033
994376
781422
306084
755238
304928
785032
925580
344591
350663
459242
204364
985860
132247
179037
454135
314016
978435
367188
702496
396264
515315
864211
423108
835054
384909
358392
940835
218637
242188
235191
612172
527177
498372
519161
949536
397569
196861
977361
446578
158103
794203
436620
558513
553299
874016
677270
780522
907243
135318
838095
886607
466361
205050
535602
644696
260135
984721
746605
861815
653400
548237
670523
353256
808472
441044
701358
551823
553120
433111
909521
952806
812337
482008
603036
351532
712017
345855
432277
846695
110103
432424
207595
676885
666926
854648
998662
535753
812818
846620
247763
297409
852973
199781
499728
407109
240575
638452
840808
399819
672683
704955
562568
589791
676178
545804
194837
764973
918628
121789
136374
482192
475923
198393
592132
757118
386238
200594
102575
415838
791107
943694
559708
775059
975878
892750
414333
228656
968851
686013
728844
566797
860322
928400
174685
525286
917827
919580
965288
853448
532666
755674
701766
378114
728237
441308
204796
245606
181807
259791
456573
946023
749293
257733
660620
295319
595673
904113
340110
394325
332297
311901
900952
801678
676930
658090
960259
682301
852122
561720
672455
881887
827006
508589
897246
549368
210750
370936
684599
690351
541078
990095
213860
856295
132748
662358
200706
818031
349337
158864
943935
433474
152311
984663
490859
483660
213507
220676
704709
824277
230942
611643
353318
712074
284019
369624
276155
357302
538841
776655
178829
779663
213060
202290
992347
133216
781477
539093
856892
242638
618136
121641
595135
462538
205299
614020
771873
378262
635346
102832
732643
930998
827856
717288
751884
748750
126164
596868
775970
382929
749279
400758
204935
591564
171946
385042
190552
508574
477483
169171
862414
329439
848528
745479
744718
915831
791783
813881
752809
678839
393027
793587
662636
329100
337118
797373
499111
620042
257492
499030
876832
900871
292211
648467
654699
194296
456675
353732
131887
885297
763931
924601
144083
556729
305525
458938
437302
813981
357807
600864
970540
996893
517828
315962
531930
300534
489338
240113
253321
186749
804357
858444
138969
257573
833583
366786
312391
829144
650562
239421
276309
816490
795208
226511
265678
137340
742635
722544
261952
795733
246104
877720
966495
312158
868499
380740
643298
605973
644196
426967
239179
782322
342144
184123
797105
478506
481904
271417
705781
316301
304811
510362
354468
309902
292951
525981
748772
689808
690856
966059
129017
983606
308809
822225
277746
149806
877927
577382
967813
927505
212641
179181
412312
384483
230507
600583
594160
296137
864958
340720
375981
212065
422333
650173
870996
617218
916787
934374
523574
144513
351542
902082
507352
719057
658233
560514
381659
420951
102591
425967
218167
119158
321815
143966
639839
381166
724038
806973
871181
488116
349648
381517
517276
982449
235678
787038
677833
463797
539109
611969
969837
178106
317016
227795
229997
103374
750612
332541
669071
595569
503249
648661
335737
494511
359907
308683
120111
787905
717355
939807
632844
734966
498725
460009
902881
148338
186271
224186
716846
499510
594282
509180
138415
377831
954266
984449
536829
435072
454921
385495
429323
506332
538295
848371
967951
678302
251539
539988
233453
402583
345285
356836
604774
532013
134943
615840
360337
916012
458311
233699
304111
301392
462839
759689
758659
153218
520611
685842
216352
563902
258920
995682
289995
343000
960639
968932
293406
253246
511456
636196
889151
279637
954168
246156
948404
708902
446664
554336
444462
547229
651230
544353
764838
467313
175705
271438
210406
671881
792686
448560
778227
276989
727980
308233
418418
349299
360923
401193
535979
606646
840720
368051
421357
969638
836001
142861
689419
858356
875974
151336
495137
545192
667335
288003
480082
319888
111618
720566
938418
789380
877697
113806
400757
506127
736558
227226
655765
364449
347599
681541
795288
279690
772462
919165
547768
302053
730571
445154
491100
857459
555253
450855
510617
669277
676116
962749
360317
540583
545114
840728
977103
406536
926997
481638
355474
938615
767945
524813
211048
212958
178331
920599
994148
203046
877943
417916
919154
344320
912718
413231
325171
444328
763555
385950
412796
779405
800348
692224
973662
315256
591338
303846
177612
963897
464693
616373
336004
196823
856050
242747
590672
800588
544831
903172
411513
673136
858218
203522
484053
811161
267899
395105
521946
575054
124428
883232
769227
330123
451301
193585
434784
903433
889091
889799
473535
257692
207309
947526
917160
453712
374842
332293
388181
218208
539369
794858
364101
442401
245456
865404
293905
138394
962382
203691
151224
952479
682194
337366
396967
666544
496891
716790
801350
292439
425607
541511
807686
424899
306918
127817
597516
367892
947624
594074
471988
588546
540677
376009
311361
571576
565335
395415
697809
706279
794503
516538
753575
640586
777567
223652
194289
279113
664208
364374
413119
813046
467205
626486
839229
858332
336832
908879
354353
334557
589335
717811
786600
983447
662083
915242
190496
893007
627938
660499
447890
726677
711749
303919
245624
132916
385682
624701
193570
183689
325624
600381
992348
836331
387016
452515
900421
224864
948423
668139
418946
624400
816136
816249
145950
822935
904832
795139
162101
226255
396192
434723
441510
118161
664407
245382
639734
803398
992781
592055
661470
838015
335831
839677
320286
391367
348525
367587
275688
962392
833301
757733
289189
412006
975539
200254
968759
833315
171198
346504
116876
675303
656312
460362
289912
459799
574565
647118
460125
887655
197547
836792
128200
518940
785415
489167
131634
404920
881902
682277
626212
529326
702923
566233
107212
668056
612487
669357
576816
451107
713929
448911
941841
529919
977751
997154
818704
960633
498631
901856
290278
710566
406446
517802
532700
247251
625251
462429
896008
929796
789276
836659
521246
660622
517921
382350
575525
479904
992322
937069
640870
495377
948865
861849
839996
538703
794617
118462
644100
682563
605871
521598
747245
474852
107498
850515
880611
584551
573376
660930
180568
695499
572898
644780
873758
737962
821052
378856
691509
598460
603765
759216
280673
238603
373563
172165
499433
859375
131542
467586
217147
947253
809743
202310
857590
845863
419043
582064
121162
508136
324075
508896
630060
704323
188563
126738
327596
692044
777964
213361
207835
785731
961654
310485
702088
609592
650770
982842
959818
996768
684214
116152
711142
852988
527017
403316
572092
844254
558951
314841
817975
142276
104553
626738
797611
283436
191533
789269
201942
481303
883559
692430
910131
819968
300928
595690
978425
925015
719773
368277
487511
888672
137607
289802
556660
564731
558517
886341
140822
586932
759956
269511
395912
562076
463652
341994
465195
172628
994569
904818
392482
713779
686952
678055
264519
546898
554835
906491
446054
772107
853712
831936
937012
108469
495175
845199
635211
434100
332482
250614
159642
888261
987583
545012
219500
976294
888815
184595
194719
172549
675273
676851
348773
709988
502609
757679
535989
420120
466318
912155
609873
199942
330340
787690
418885
871690
725978
527396
193268
281047
503768
699101
429265
605300
526351
526609
291238
642181
837165
528192
820991
183269
954595
563485
179019
725905
688684
887597
114421
112604
179902
142897
822153
474379
344751
177918
161006
619399
168697
910661
620493
345195
367955
430700
279407
405537
535780
127177
667498
109261
541605
863063
880363
883338
985740
997660
673211
860319
217475
631748
872930
814966
560515
775870
673222
369007
761444
853874
602292
427838
433844
776837
313177
139969
729794
531510
219095
472664
483167
389072
563070
612411
782621
937500
721454
380004
595602
200169
141012
521052
618708
321600
555451
401600
914242
693608
321622
562172
556170
671843
682966
462309
460446
501410
714319
961596
423321
480410
254726
285004
554464
434455
716504
559314
530307
675207
196346
370465
196391
334315
544991
551226
261155
251097
776868
546767
711302
699913
325732
187039
697591
280413
723492
179518
894523
191514
543097
301439
787500
977735
594333
890785
400949
780864
134333
607482
503193
847713
456608
942651
218827
104226
641826
311102
337844
709962
405473
321775
272072
983877
376389
831844
464308
956691
449084
391174
426727
258639
253405
217544
414386
575632
976968
778865
419300
632277
334394
630726
687224
872242
563251
269820
718477
215359
410627
435892
719121
752008
101668
511072
847459
365950
582794
906452
606950
493087
744335
621433
794045
331729
697717
891564
199493
491022
345113
573586
806132
159268
849883
625191
957780
852822
152299
735080
677589
642951
926219
972516
179701
665835
713660
849704
523136
157608
385762
566779
993726
189428
663460
761237
724376
859544
440548
382310
265583
589302
305803
869607
751215
834151
706995
570100
907818
291406
938947
103877
866515
186075
819898
875785
943482
552454
712316
500623
126555
979085
956948
440688
782972
552060
913570
229893
749697
905698
249368
675174
585381
969599
492172
279288
263716
378537
740891
667309
685100
464062
210188
573259
800837
166079
157370
718878
955884
884987
260902
620935
537842
774074
107089
728124
210130
512588
119956
844245
997350
714140
527702
951308
588379
304530
903910
138439
267928
912152
890465
925694
552848
444022
320256
440797
221433
451139
995675
995374
721718
146496
594798
661805
541873
351745
942684
913875
643834
872690
756432
379440
951084
512695
891530
392615
793099
379282
846627
553094
874781
716659
261114
610656
622558
393994
968061
195374
762894
605159
306580
513867
402606
796276
165437
102141
104567
888318
662029
755805
575042
279043
636351
718600
327043
702503
979222
788113
660656
970149
846583
452838
563987
935753
450280
698531
601311
114626
395412
474881
415783
310550
581494
953741
997422
674406
159456
885649
773786
998945
918505
475203
523763
979746
768293
781075
307914
704861
961704
810890
618578
902228
403396
975305
707408
404993
852335
628449
602668
113863
573494
854716
176867
447055
366757
122160
560958
510175
577121
394713
608420
310719
685750
789738
797746
738090
535444
623431
840450
992330
491225
343503
508956
407211
450793
994344
783574
455419
964194
268415
222055
434800
913570
911040
362351
407690
346455
575871
675986
807003
972981
431919
451833
720658
388958
937905
831540
780003
216650
437036
825821
344961
867090
100432
317295
416857
898846
251668
139696
390271
245573
343791
853204
580020
694185
621062
665661
363165
576404
457908
788205
655899
337314
972068
679808
224344
797592
577235
777161
554986
354378
949393
637066
860289
880793
154094
582136
642655
610483
454206
527273
337858
415933
742759
415190
115610
377186
695737
119078
407003
582623
133013
873507
426634
207255
282885
367541
623361
981283
853783
984240
581928
676395
994669
533961
438406
232050
842206
268899
501469
274805
999966
488613
482062
854932
582303
163187
101866
713059
367318
216612
826765
211102
143044
961854
892747
243270
881946
689348
402108
532747
938524
939488
334018
942249
764658
254483
344265
163166
924919
948331
525116
629181
774749
280214
640708
781899
764513
694946
113088
757315
703424
223263
721687
362320
884486
894429
841586
784897
821986
890996
213209
806140
550311
647185
303471
492534
845376
983521
647483
518182
390327
230605
310845
839772
974966
869303
866651
646575
599739
653170
127234
871206
968790
518416
851595
640942
688189
672141
670281
203599
231114
144017
961384
947294
670095
762047
517365
674292
731355
939997
314587
784803
504074
831985
873061
576104
939368
212818
184104
246763
942617
186697
440614
979827
236189
455493
514368
170299
975639
284981
674933
859161
229026
176804
414249
267286
168011
541726
197071
293805
317709
691193
107553
124636
491878
995435
570167
773652
736351
868446
866890
884267
630023
246791
777862
878490
537168
223492
976180
246466
900021
614818
262944
563156
317116
906150
529283
585170
545877
448853
889785
431302
579627
106259
240571
577590
266120
444597
652668
285540
596227
367593
931745
110162
352388
529269
325009
411311
435375
779146
855449
427407
377029
437829
968850
728099
719637
497782
975071
979740
871392
449018
588683
282627
154184
976797
641712
200608
609838
344336
340951
785726
310356
961029
528421
555121
806683
617889
946687
241800
244650
258527
400916
434525
501711
196862
584085
479878
985772
520160
199535
586142
789496
631079
888751
525602
711250
903759
459909
667533
642766
434143
469374
476621
711037
633676
781519
930561
816121
877472
701794
228793
124208
667995
776389
164021
210646
260353
745936
152984
186291
770706
767540
179980
270773
210624
489091
613853
338201
277702
642311
191334
573462
452673
757929
417414
466195
911154
309015
119684
790925
155279
592035
734193
955402
691225
996054
414004
185282
736041
687762
393617
760962
564276
419235
145896
596369
874759
309074
882574
576205
325173
884824
441780
244884
503461
829407
382746
193761
782685
673341
804466
718372
230930
591402
927240
469171
224245
484096
355631
250870
666798
763719
592984
951884
791170
163160
154342
125163
228849
490810
194366
555398
381396
116584
544857
865868
269379
691416
803959
734396
945300
887327
260330
459716
802461
722772
722775
235810
470485
755062
148164
499078
408789
987446
229377
183076
156277
140741
807533
299752
485375
187804
819998
189903
267063
206140
353143
708175
249212
653139
797826
877936
785597
711359
587161
337171
602208
931807
277102
628965
244564
483705
124376
135922
641522
153914
465772
887517
528126
316752
217292
528701
301477
963254
375251
487639
603071
950550
582837
677117
703265
112631
550864
520242
292622
749612
932527
605531
987787
990742
508731
781935
778381
261972
503718
544949
727694
950792
692470
649553
516212
258729
945689
859434
703729
594781
193523
776115
157615
430919
857347
585351
388180
500683
360965
226107
298491
782707
828152
335102
191987
293814
134353
254700
256550
499850
965256
168949
983131
445854
903306
627708
141995
562614
694389
332171
166298
826136
830871
544084
190261
726995
867186
762459
683930
224898
557162
992303
625395
123567
294256
600934
412429
693898
267758
284604
916383
158004
209694
722279
860069
164911
551681
537594
688995
609015
967308
615458
724650
938416
298999
981344
925681
354115
552315
957142
848457
111132
949120
985059
966255
719317
995018
164247
957762
996150
807789
158475
581190
361243
458447
819990
185612
477280
843501
544698
119891
485955
341921
103993
657670
495472
596955
592492
635027
783956
433947
686751
463541
288795
937248
168110
735723
712540
950818
814970
721378
935530
290652
655298
363896
872062
544242
158717
269633
542555
510428
944447
426417
659702
752572
760396
971537
239057
969584
780352
410480
372294
101004
268866
248469
565195
768398
157812
446553
962741
794152
196133
204118
480165
958610
372338
179005
328058
276725
576246
329968
390773
585972
475162
398513
866004
213644
378331
448624
253670
403023
716273
245128
819860
740349
824769
187618
498673
720979
437705
531832
741981
279512
225779
950386
958369
449286
306507
463864
693005
251249
591219
731423
131738
937864
936514
130252
681136
269148
323025
467464
122817
913086
931875
736598
747039
380300
765222
636424
903288
793232
878039
345736
967653
865830
565793
500704
959207
200853
185310
909832
418362
855378
207028
888753
668684
599234
114242
858567
310678
652976
904592
557842
204367
780286
784166
598027
343445
298945
786125
296601
437947
713676
470735
940894
749158
674678
196986
810117
647359
205817
958929
817338
841577
971971
473311
489919
314118
700421
446344
841803
448101
515642
756746
243874
575503
490258
949658
368660
316537
596784
470711
924979
227796
338417
819240
585102
726843
653470
865523
681097
330455
746857
809097
819111
909833
629341
732277
188107
649089
710905
833700
947557
218433
902179
231358
434831
843114
121475
495143
894926
268958
846970
456666
955267
634237
797511
793061
959195
102886
312232
783511
687908
823905
282271
806153
853216
376096
153795
437162
718728
965158
656425
776884
883386
456309
688645
164433
811419
924872
513396
836186
277047
633758
892827
327235
709003
974120
115176
380160
551593
857668
931900
778593
459446
694031
985275
836901
482124
643602
127735
362708
559817
229683
988405
415893
807107
953087
146022
864519
460407
400241
725323
472594
364550
429509
152082
386499
539081
762194
877683
159557
477558
661943
537058
622025
861799
712221
232802
949270
327174
460235
688581
790626
786098
944360
117412
576147
617677
730202
591726
348143
792515
753188
853822
126169
992555
276924
576946
503301
160900
364381
312779
696303
752516
419694
901165
416382
331060
291963
878643
242362
768710
394501
191554
920082
259118
891320
945540
715994
898004
128609
725278
819102
694491
544053
822672
737126
789407
112641
277472
855184
246814
289564
606485
463532
487436
637293
306714
156343
390779
650223
201255
318833
450326
137766
102350
671135
367158
961357
158211
415940
685018
563014
882832
415218
120852
134446
827003
863462
615600
132030
406870
107926
135006
508114
340941
761567
512146
133455
539341
200760
781696
492209
704822
470112
528375
213275
473216
337194
960423
523744
244087
116608
828516
447294
636078
290056
184916
619645
660586
312137
132170
335885
889902
714325
322022
377144
377453
513556
851851
494374
739461
671617
610354
741025
337732
615545
474330
613472
112190
534312
217713
822695
532395
601236
437289
891878
979248
123361
436160
860203
344141
921716
559339
673367
795655
697165
239718
468297
742879
370897
460534
148237
211240
212011
152300
436797
705065
424171
319566
456944
987092
372592
405523
669325
985762
322027
560460
468679
103233
120430
964886
282813
575093
523613
851724
576593
901955
237410
638928
541856
466135
319677
448819
236454
155904
670728
885709
950457
819019
994003
710011
838923
477022
737846
344010
740197
966486
977895
226590
404697
785245
428029
347368
779836
462267
834581
845109
433410
513564
119409
279431
472239
922077
697148
508598
702358
201528
268231
156931
980688
918402
892361
498489
776686
301970
990531
423408
798227
921319
846219
588429
640612
773122
492937
488753
957554
324995
693960
614216
388423
107390
151754
108808
246255
433444
192420
520207
886698
610676
924222
793677
597649
353881
567498
419978
670722
449187
942261
151164
449522
517522
403997
745309
728264
453414
247013
775304
146205
929293
146211
107700
193229
956153
942823
755354
264455
987693
262212
988731
273284
870790
959787
988890
859118
852639
551346
304172
417134
248847
881613
300886
834964
737172
236224
564438
557054
386967
668236
325525
462903
392940
832785
303791
184511
388098
756472
459790
999353
105868
604439
177737
206552
977512
882721
340940
374099
239431
138498
778403
251728
887100
865358
660525
243806
418369
263566
712352
488048
291203
150766
106873
897989
876024
127507
631312
326974
276576
846360
811284
101332
525625
886609
981759
777737
786990
929172
893366
382161
497754
463211
681554
455143
875593
553754
879495
652235
162241
151264
591737
598315
278867
333711
362010
737658
178340
109965
858559
672753
233558
865947
501139
250710
561468
912632
754569
209337
264400
113922
481643
108503
795068
681105
648096
130456
107772
699219
226709
108438
218096
405635
780853
295820
964815
561823
702976
301422
355718
330743
701377
824908
917088
814426
249283
661872
195747
536456
134345
423363
733575
780157
261366
456562
831376
413482
391818
571048
950177
563503
901406
487621
335853
744516
469422
161433
858130
937886
589396
389560
767568
515080
935972
721742
919809
414634
144490
864354
349820
769438
793647
154219
359284
633279
375182
119125
356977
453117
863205
435864
735379
628782
301294
669954
325635
243619
271353
608998
466241
836842
421218
646656
348784
108434
801473
503512
858020
335767
938345
156285
613483
650272
239961
680655
995277
462410
150010
480111
622329
442282
621839
550046
438703
637981
107919
820205
479331
687955
319686
196726
899661
249246
240838
529466
611726
819077
739424
554076
795196
791454
734421
484174
688983
310142
237026
407213
843197
142115
666249
846432
863148
591676
453675
199591
622815
154243
282541
296615
569345
329494
439710
835522
292395
350561
629680
617027
846968
240568
974166
525573
896676
588894
193973
303179
357355
987501
873573
472080
224080
975780
989572
616331
237815
211011
407112
637292
202768
560743
349470
551228
503176
567142
802222
524698
267697
937947
592669
205733
776772
161252
589921
954128
621091
169275
588873
717364
123951
690251
762061
580869
843276
926565
721811
763093
565345
974394
225377
221745
377790
227535
846380
153447
135059
856096
959705
725160
592547
185986
329674
720050
960658
820630
249926
932339
559156
746011
898227
364371
818086
357625
293466
447972
540233
206982
798808
646247
128981
846965
952625
742146
536150
794224
194690
796504
581230
112617
431731
398420
651069
506023
424995
934026
400621
771316
282759
930185
222353
403164
929735
289158
756925
818380
287224
483914
145563
972116
255435
781956
402253
661660
178925
860978
454182
337401
468477
472850
977650
832359
464936
862427
919782
750618
787498
148531
145990
279437
474399
566264
902879
266633
313909
353329
215561
449959
303999
478550
498631
413804
999865
324824
850285
251049
381331
549190
727211
996267
630253
603325
335832
759369
386178
313636
678392
254580
474931
180441
629640
452932
425191
888607
620307
198137
159353
199789
135538
876338
395538
516245
850328
914810
907104
315980
590604
633296
926683
517416
967641
120545
579002
973471
100276
791702
357897
553882
118956
463639
496003
689944
963042
497898
242134
601484
866396
482689
138400
880159
143687
425711
404528
335401
684504
614498
431549
910798
141974
127126
358778
419657
242698
233346
922926
343469
770350
860291
626355
757119
272504
685659
540516
989622
916751
263108
122387
205057
522490
752895
170096
512837
561676
655416
440559
201593
172524
932504
122227
939746
195129
209803
156028
839908
337756
550351
772266
787042
953654
230092
841144
517058
963879
824346
380361
199001
207706
483006
952466
414362
717976
658737
278873
143334
230610
200600
858017
916568
333015
882738
635862
690139
658044
201819
301345
265856
160686
652845
244836
976181
425433
464774
139317
820920
545692
899073
573647
162615
882743
857228
640419
432346
754563
890419
120650
291636
670241
730394
911305
186491
323366
672237
238120
782385
670875
289392
506919
590609
663129
569089
566964
576572
228816
380608
635696
801755
109050
171745
274148
510227
163599
799167
668663
681920
950441
511193
567538
429540
916294
616164
354063
974176
700214
830626
299416
847149
236042
984015
566366
660495
763186
528370
117130
271228
947865
337698
258599
635912
363450
833652
245727
331458
319439
288219
421728
681379
798215
886158
906751
456803
950083
366038
614498
774954
328052
458116
278746
280675
136939
775307
171992
191793
302359
830207
718446
699993
333497
191701
153349
760860
851121
197298
848965
451457
743469
798457
202228
176666
847084
437797
870298
813376
936907
936409
988637
771736
548191
465007
979383
188062
167377
841819
784369
110219
418087
245856
848985
705765
878755
578699
584722
285962
447605
402892
871050
525874
347632
101657
139784
365804
934095
400688
707825
469184
985442
980506
564520
560622
943553
302031
270528
824706
884548
745325
575277
237118
310693
410085
600579
320401
135090
715125
346733
539561
891125
189539
373019
285862
750836
403591
905491
801202
158556
261287
879404
649070
398416
448592
366526
747947
163371
965209
810789
116101
811997
455152
994843
978855
352246
422743
319492
214426
759946
800186
969394
837594
381481
945037
766972
802402
481516
486348
705805
623848
830257
196950
237534
103999
134644
826538
782717
897592
301385
720697
583286
577332
201582
475982
615553
371485
740470
699069
742172
305208
636833
337078
918864
931486
264917
235730
487602
927197
561364
737864
413394
790292
772648
714666
786601
428610
833175
669334
891335
670622
830314
953734
186323
483913
542860
801753
230662
792576
669148
248062
125592
206280
178905
879956
912883
313697
336854
793504
264328
157645
524445
368654
737626
907633
773532
963897
593563
727920
239478
908739
402598
883915
918267
373057
737791
567721
895928
762259
337913
143937
406380
466155
516526
964592
457511
843885
469140
271141
501082
163882
757007
216780
304419
932829
748808
811141
312714
599476
344997
982662
762370
907942
749269
648315
616696
814012
116862
217170
773941
735531
596079
703008
250920
574353
546926
559631
560125
526254
902352
645396
610231
389498
295677
367292
322920
825592
340002
454722
783602
718109
256922
680535
443600
739407
242062
117394
605782
136860
857339
738762
448889
574409
367525
295181
268249
957270
163252
927377
379193
171836
610827
809526
882667
997892
122225
692510
671196
960079
221697
975332
392625
884742
148756
202212
948733
440768
657459
372268
392305
569125
908214
913223
319037
296144
113079
150346
534891
533378
453366
928885
630071
771213
290594
720494
329625
119415
202134
988464
384552
374970
471872
401566
364221
841503
338313
806612
618233
761346
573701
627309
189623
132032
626262
729044
482080
946043
804944
428762
606427
822813
453143
958173
898830
495849
101177
158381
219442
827693
633081
318912
257172
361900
290415
345183
145931
563888
563151
674548
247973
786997
915892
924944
209943
476502
275128
388828
905319
967185
241424
930694
971835
900287
941717
244362
497960
899171
587154
967975
109478
329087
860502
336027
329272
715951
163459
492766
806981
861103
603960
731061
359006
476772
930435
103496
838072
475860
222318
338813
229981
937750
351707
398017
385613
681680
454156
104370
833950
775769
160398
298705
504473
250216
238522
450985
439749
271246
475714
232643
576095
271475
123965
949795
575541
667992
180482
538929
938959
188588
527125
201303
837348
733240
151989
579757
279635
771487
207162
869433
807793
526661
171552
685857
723037
934581
742984
531675
393343
769761
178874
568742
585814
725711
946322
234178
527315
902927
389564
428942
692324
337059
225643
408231
976434
673407
947934
631266
730926
227941
935530
113498
378511
293378
143011
657601
799809
969880
414224
338497
646311
687955
471276
851421
508648
139112
203496
469505
884121
964250
303554
208372
860448
226838
175335
290425
338784
668316
846739
564513
498139
900352
858612
229000
702825
803162
654454
723327
464218
712346
431109
468132
646089
128758
583246
531443
718010
748706
860672
102869
132132
823337
204718
521397
789939
143626
521360
872678
895668
703085
878345
504438
852424
194807
304288
754135
339653
986528
791432
191452
338889
670437
762914
630879
446562
969516
681232
235504
479050
982838
963639
628178
704723
894310
684810
746714
598850
407188
185976
615353
529803
365524
693214
677885
201106
780257
399125
195079
263013
135086
360830
323229
322643
808229
675356
473725
256092
517524
701326
835911
287854
544935
461660
380916
230733
380393
784672
708773
914952
782588
839065
841663
878972
326572
861965
747690
800215
483178
401521
128253
556951
171880
407095
565034
346918
274811
452160
156016
889742
585446
320531
619233
506834
149048
577479
433793
704750
403684
760222
604714
984248
649033
697196
801073
372734
237933
494227
773839
351191
386014
937440
424870
488238
951900
410382
737914
956828
247332
650831
955455
160430
516472
567290
326928
332690
528270
304500
220895
342323
918882
936195
993823
799686
286993
124128
787397
841527
738369
709125
220823
518754
630193
574329
609138
500030
261214
318391
164518
959885
283411
795741
363148
166643
409211
929878
953497
742854
175761
769680
804307
356463
735112
366013
939285
728382
766126
474081
169174
662512
989635
380076
587717
580754
823272
422832
419377
243006
826604
544101
999047
165451
876454
196631
656326
679113
171641
642641
512729
620884
300721
373262
865394
247575
840724
549324
121405
359214
800799
336644
105754
479726
239002
706858
736148
852043
825216
182585
648329
346943
616643
684405
112270
733667
176050
310413
263431
857110
410905
735197
894236
566292
288154
564390
808632
916793
885380
999195
473299
513311
120184
855790
862682
573603
223968
106579
560658
332284
157185
239361
917687
217221
375675
871344
760333
523678
176275
353460
247831
519522
939568
623898
312126
733016
376894
311224
621270
624551
426257
998158
511006
766181
450351
770476
345460
880788
999230
741257
737708
844269
427193
471424
768147
628574
570601
309744
606644
308452
522534
861923
564129
465668
598050
172938
975753
429047
781321
743771
466809
913507
613992
840182
948332
693818
934885
403248
742635
787694
319218
501541
704008
632455
859477
117690
901143
295581
417515
194810
716007
702599
239992
278356
781469
171807
324889
141060
432481
527366
451993
795092
822041
460956
741180
101720
289144
173779
544029
395704
806583
551040
415700
178322
904719
525280
603675
613762
446560
754706
795744
518686
925880
924571
581821
721656
646484
586312
825170
417703
591202
354189
337138
963201
658216
391541
357469
703480
969473
466811
209731
478548
727313
755891
518631
744973
655771
894458
299849
407291
682975
551163
538737
576075
963587
388852
336623
321373
819620
247692
348671
501886
586801
905502
191299
458835
192053
724464
427246
587902
538095
773603
701161
122998
321783
275398
566039
740751
380383
785574
744952
269746
921534
176415
906615
942060
863976
426396
233528
242224
830348
623195
708268
384285
777415
733333
955404
721120
700953
262179
481172
809095
587825
991657
960919
431754
588539
789132
428492
753681
600697
260104
192389
509875
303351
531627
928527
785746
314676
480703
982205
724864
688274
601534
900464
299812
610501
604672
122905
622743
542619
276884
218224
549254
546895
339494
523092
819386
215201
795937
186343
922425
838089
924714
317117
253872
519749
100020
804053
209370
555195
408481
783400
115788
333304
791175
301352
437425
688484
496067
129144
805640
312410
724375
782793
594434
974486
804525
585338
446252
813752
594282
376115
688607
625770
703849
896012
714557
273920
722771
175953
818733
810020
574985
491440
747864
503051
644659
828495
867071
864930
681470
155410
743935
639584
210000
305442
359088
481095
482728
665241
841683
502113
185324
846397
136042
479099
464962
323485
559473
189906
546555
715122
114496
647867
645819
841923
763743
731274
137133
780855
972664
272924
255629
145380
920742
246331
777597
594566
863254
291005
572551
512925
214321
744945
991522
145489
993899
673406
775484
336820
690751
225253
502277
476397
978507
747687
597462
197068
788420
617282
185681
445416
692875
747681
260478
701073
781604
249272
464055
952611
358604
656148
573327
426062
710208
323432
145201
532641
145362
869069
226686
381431
841649
246143
141025
578071
513958
275019
345712
828764
702188
974708
252975
423882
346591
945577
314143
238792
106594
638366
739858
161675
548052
412156
353395
253105
607258
329370
373917
542763
684677
887500
845285
428354
410123
811472
116122
501744
859668
574019
542886
299101
118178
411958
464751
583047
899410
460834
482921
899073
923148
137672
912052
999592
860422
237434
116126
733601
378437
385128
509961
852090
563532
812154
824447
963412
465733
927774
710489
807634
574852
117701
329517
710834
167834
708173
582217
554156
714821
984528
200146
460725
332304
569331
214261
936572
142594
767054
321098
536898
965828
134004
803029
488295
924755
157046
751438
226410
193126
391667
723964
344870
725292
383314
192191
997247
220460
702124
143388
573781
153784
327109
522601
247512
976607
167023
441920
774300
601363
786989
835333
185739
150386
966125
579508
715584
548372
373807
205839
682563
210696
660672
975370
116368
248741
775334
138237
529465
193827
216088
168525
474893
756880
434123
190254
275789
610729
452040
881430
845092
737972
691175
859772
148959
585255
237181
394072
189875
880218
517663
559678
515469
207223
690479
648984
543403
541117
969394
877707
374865
709980
301872
344354
299011
168428
929575
149146
867459
590673
173532
487957
642387
198484
865845
770152
287037
634368
926336
675825
309505
713092
646754
529665
340118
317094
295206
843256
879300
329618
608177
139081
164211
515003
113101
984784
345128
750714
153897
646883
599365
815241
844440
938158
271592
173164
244751
928511
897538
765281
760097
963818
159521
535412
969247
252294
702482
764522
960115
157608
979590
429109
159001
665985
483082
551282
649631
543539
418141
957728
906635
782470
903055
188157
613934
179435
375551
857944
366862
906667
914777
136439
418928
995740
565944
469497
289525
411230
164615
902161
507929
427001
502778
735781
755655
323855
310323
400813
947177
272442
646837
997164
797554
234382
578624
652620
191623
275736
240824
822570
522442
320170
764049
363797
105770
922246
662304
210087
730645
993898
826352
718098
360948
604160
598392
313612
275711
540778
970554
900225
638302
134983
843470
988246
354724
691021
365438
536005
575246
701241
255032
309331
752453
662476
935414
767693
705411
877140
743562
715406
717075
611020
787105
187360
649882
697015
336764
166889
576780
327307
219503
881015
632039
397610
619387
962342
745745
840141
117983
213951
111257
598572
864287
250372
335737
810690
865795
626544
947106
131740
470297
345931
343360
390036
555123
715952
978234
858485
820873
685561
123443
790006
540635
399001
988167
358415
285941
582961
594668
488196
265040
958594
757622
329830
130878
423945
511514
759890
771141
574841
860544
245439
299720
448296
860713
108292
583239
292404
808502
821422
136842
734749
657244
680781
955661
488585
876594
757862
838970
871759
340183
316617
350535
485516
501608
481357
241589
251529
564523
859028
533627
275306
725048
870245
976893
627939
952727
411695
655104
509385
155969
515562
281709
660068
338022
326452
999015
312983
318942
814808
557055
135337
443226
665373
631185
355708
222055
226157
430986
718792
350931
840868
759380
806591
315192
800609
335209
383951
152967
583994
555534
735982
327044
799808
108246
402148
887403
710279
443043
441409
500497
884561
800015
361681
752695
566281
827171
611001
695846
927231
292541
753251
885600
503848
999002
490171
681013
482149
952278
705974
494463
159274
259500
304712
144514
669543
604445
457038
926031
121960
810987
708880
588249
956942
694992
172099
142730
720760
335883
388026
860875
185112
115189
389622
909802
725089
595881
819082
525756
981639
174868
707504
353095
383275
289800
267627
879464
104244
688405
581724
853889
622815
833977
745540
141024
375290
762413
731330
860545
966917
697876
957556
675707
628107
982869
191293
974175
588218
380171
782155
580250
268955
939496
712827
927069
413793
341467
811895
529942
961358
252929
592369
550383
300155
698780
335205
625455
262380
405018
922021
704784
828084
432850
799555
104013
914112
475772
124315
692348
520623
474298
484139
646540
948952
722244
229787
105081
520802
678651
549500
657547
289647
315912
830080
124110
641927
732542
557536
279694
607610
917702
654751
407454
412895
976366
424010
834046
410550
993020
552980
588315
716872
606416
453736
666921
977080
908633
221667
750808
686243
276749
829306
679035
245574
981823
170351
988817
883717
929029
613366
712009
413868
492545
386144
183785
891841
779701
970910
175779
986110
908944
835824
617896
369568
985478
528012
918159
175365
358569
576041
808539
932655
190645
315296
935552
779556
895128
775895
433907
871814
683878
709179
504122
706553
169583
653611
177195
847153
999688
665422
525184
402172
405377
882516
447772
687441
227381
505184
251089
119963
634604
948280
616620
782825
904369
509918
379489
278516
911849
190148
999661
980017
963680
269540
857846
405179
329955
958462
816892
905015
412640
179684
225580
927759
517822
313187
486846
658716
403976
141965
208047
314549
157774
107188
806148
929584
223972
198795
234890
576815
693292
803391
125414
920822
755092
905556
126484
239131
104742
378434
294968
373297
429909
725346
853566
872523
467000
857131
743901
652139
773615
485976
339853
206179
414972
531877
464869
660391
582098
311417
112627
969288
513721
627663
947899
523596
566709
284272
371179
913488
313318
416314
694956
792606
751525
971852
449394
519332
706711
612875
741197
914396
703783
612638
473614
508572
178094
435860
662053
262710
416586
974778
369124
905523
126200
121823
186193
353494
557573
910770
694975
667469
493712
372798
891139
634676
856210
964582
134703
822422
866688
240492
685452
582717
272067
721217
911316
864994
539291
646879
318597
875007
720811
729865
338507
782245
251372
434522
847552
973992
600760
189866
316109
661747
372815
363033
438286
881270
167416
729602
617380
228776
287074
498897
732601
519596
363226
340893
747264
667109
843326
492719
904454
542185
297814
976183
619904
863683
477847
149073
788120
173488
476273
556891
901499
165358
460647
255771
832695
779335
280857
626504
746172
807778
352938
672855
529187
494126
820464
698747
106296
242409
995332
672937
857363
414207
214905
465384
730191
242865
533404
767125
787118
202182
172311
556622
607970
489479
810731
240845
696608
729503
825227
765391
444400
334487
597130
400319
861595
186015
924913
421857
912599
246320
269737
660156
434779
957009
965832
865135
899267
868601
822700
724803
463261
559315
123405
665240
618178
153370
587430
281846
464623
530893
241902
572187
598797
621010
995885
231089
768304
248575
191994
506884
143092
706924
128540
699749
759040
135796
854128
918901
722721
300936
359138
421440
898715
783944
559431
233956
620190
710440
633968
317824
413969
749039
859571
513942
715294
138543
477907
556215
951434
431484
918436
839498
348874
696642
575447
656750
439014
317697
895290
741800
780995
941361
908699
323174
757723
923651
742435
284819
526267
115968
531916
590560
429400
733318
183241
182730
239656
709059
526346
117622
591395
645771
204313
811943
194000
788422
855653
136603
749542
910613
562689
484166
340206
205590
973855
374233
618190
208311
883179
327477
885916
473217
165139
372557
629200
238587
932481
297873
599475
319243
237311
493143
681045
358322
108639
158290
483749
807148
446434
876257
184906
524315
272711
710381
980328
727893
234249
162406
823475
976029
476442
353516
566586
566078
117634
127140
664760
654405
925345
394657
759018
393273
832036
401341
556277
522286
281215
713624
836405
244175
273949
125371
420289
593775
502006
986478
300150
992323
981890
406401
959258
139644
132957
227072
284633
902627
716796
265665
703237
481746
860410
165297
416410
294159
721626
792015
300201
919511
239126
247144
836581
498739
653148
903765
371070
543977
290337
965944
444789
615040
125330
222083
233464
131808
760378
289561
170826
755565
320142
718243
708890
324011
743283
676618
955378
327886
888338
786871
615988
171953
557850
120520
235456
626418
902507
627678
715066
816179
562823
548529
992649
997167
699045
204967
721542
308029
346398
691081
657061
959431
782641
597328
840602
486873
755055
723203
837914
146725
151639
802378
414007
355873
625608
396151
626593
359398
297498
188232
330329
919707
269080
537912
988642
373385
855304
905033
427561
980016
343698
154559
619624
277521
824780
684911
638817
843175
641503
260757
691485
141340
330831
742692
736873
570404
325475
374006
981400
469752
427826
233149
554166
893367
929609
419777
478362
590468
882739
935765
604025
111677
959442
683205
874466
641141
262060
277004
189484
883569
791849
683470
401063
390406
546773
768029
466455
517860
495859
796613
971422
965390
657203
641444
126625
519934
158397
578062
895534
528344
697922
686339
792436
136733
654718
450660
815265
825012
309463
904881
463934
233207
464171
779164
870861
450774
314725
598652
994975
492742
758216
678786
759511
256273
219966
799188
826467
116170
548889
928754
866609
630284
611772
352550
141076
274642
838103
644317
104744
496920
792276
316625
288057
346046
807329
278007
802887
392263
692396
927069
884663
660928
843953
479663
274721
318715
171580
277658
361931
577572
915156
130486
999689
614037
752026
515624
254823
642602
540104
161747
847332
992823
166158
138763
805136
385271
411882
125335
515487
322240
352945
192938
763109
819051
463496
585698
726697
529358
925163
950123
344650
403166
165363
532462
510114
414316
191536
737997
137840
613055
845252
571102
637027
355574
711872
975203
219450
182767
823007
804992
587128
799850
549188
973378
480174
326419
128080
413335
895775
141303
970781
154125
287874
430173
786495
398520
694344
514551
914783
179853
388722
866602
339488
242316
476497
139842
571085
262992
461647
296592
961077
798460
467305
418748
284150
399426
215813
419365
546319
691795
814802
182298
757886
633533
360833
281355
587256
340619
466981
474342
104733
787976
217178
360251
738391
498414
191787
298090
257803
984502
111490
724625
195397
890246
348040
424606
565053
874595
336144
188570
555855
651821
599002
229328
367303
661336
227120
895898
435673
288578
359471
756344
140643
835111
958560
487314
845511
383112
576045
481690
380229
995331
470938
536843
395316
567935
699505
506707
608473
175650
875883
688663
191568
667292
887190
657571
603672
340382
319085
957937
306555
238511
838001
608850
293027
982875
238954
719720
342682
641899
519192
331406
383308
889029
936665
694601
963866
312090
194464
113080
902178
486191
909835
605366
502612
624523
795051
454359
967925
746631
224029
678435
548805
549504
149217
592727
646062
839495
193265
694628
730986
624719
946034
341236
137979
444417
109012
866336
717325
590777
890153
699512
884354
159120
440281
650611
502648
268159
533467
282403
926725
723015
279871
481751
696923
476143
544226
130408
262957
160996
378199
751035
639726
354089
544774
798702
524233
365506
266909
846860
785763
336561
468794
719702
263713
129062
860298
804116
791096
435878
958008
690293
917082
331743
148988
357891
415579
331167
337216
228522
904204
127515
927183
563772
255403
546551
696486
994492
680053
760949
646183
876841
615499
361240
106229
340577
321456
529610
842683
911139
680130
613309
839062
393941
344774
498130
521514
964325
648013
678525
465659
967925
362324
506880
991004
796200
946190
134323
722836
142301
251812
786322
462613
298538
529830
510028
976609
701676
230323
366533
471810
618733
234715
607114
564928
671119
143768
297512
363342
435451
451765
798732
938452
747110
332667
920029
340145
596416
426981
417162
415879
365478
255464
330633
774998
318119
713045
277720
157504
983040
449803
439913
649174
866927
230039
345604
629391
140009
333653
332503
590789
368193
143728
167127
521793
228215
637088
367227
134750
871183
306760
682703
134732
237524
723511
130622
985735
148722
658371
539641
306572
328109
930857
375820
279895
407338
990167
408020
679943
251542
672846
668934
722628
996112
996902
515660
120434
240055
594763
786072
631844
859553
536541
921678
316893
635698
623194
600235
991467
547102
119492
479454
881420
203931
601325
717870
186460
552585
550337
202009
673358
540737
279533
621536
534417
132031
349441
158835
240258
337719
285815
787103
238529
651602
217374
299871
889212
700541
576864
757493
121908
321091
598543
595846
309590
231837
759807
592245
511807
163685
783647
847320
801702
864994
802844
803877
150296
133085
461896
501954
836280
972427
293021
536253
794837
836992
719194
930237
340424
678144
215360
863845
106944
506828
205334
538383
205758
793340
372285
949108
514493
841812
753237
755926
902701
474828
504267
598987
778031
205244
564940
305241
455323
167810
652081
551636
443349
463095
123529
365027
996028
652732
453668
900110
933647
551769
411956
320660
504452
962881
595859
578780
993750
717267
884979
679925
872438
378382
350640
373105
159359
668907
883560
922188
566781
767830
943447
282908
324897
625190
282595
941421
275172
981775
154407
749977
661617
991108
853370
803037
463985
959062
322907
225333
482222
510506
700915
923459
627829
452553
143937
617458
389774
844513
469914
508213
144916
845746
984043
939826
406502
205239
319938
190248
393794
240883
103502
744029
960353
909593
419744
849632
510590
845538
561333
943369
883716
559824
526963
136815
264191
119375
771844
651337
642548
468384
918155
713529
811035
340478
224281
434815
799939
566842
583600
289267
331501
569958
218976
328934
611713
772577
132630
161683
679376
771282
812343
325534
951242
387362
255126
785300
691662
987988
742730
383318
905660
540463
161428
866144
503607
438135
613561
992262
533269
300820
230605
969739
131727
897609
873913
599768
626030
218000
205515
587942
216099
519605
311723
171520
896793
104149
494410
972790
870038
515289
648663
869162
963951
270157
618802
683284
667998
869173
898155
536005
789484
905545
519034
737892
660224
150548
756777
388902
637654
568583
236683
992361
165201
437999
167831
562847
782203
345647
982277
550141
839466
401569
961759
812694
166296
891374
157617
655129
361617
569037
932440
153110
247720
633961
875137
381229
435274
883652
506311
394573
422050
814353
979614
711847
197994
917684
301266
784687
898793
583565
302161
719790
681021
299358
759459
301368
726020
792985
464996
901898
136708
712387
300994
173345
220396
788266
381390
595849
891984
156726
665061
692012
464671
265588
400739
943439
981261
766297
881193
589087
725616
794883
993032
909857
187439
439022
382994
176031
712137
545681
525879
475624
486102
159762
904897
443409
296593
180974
900299
271493
134114
908905
689481
482122
568718
855984
726912
903359
492583
910232
920161
877871
351031
509838
530045
344044
969791
749275
964308
333629
471489
873189
320574
750829
274172
470314
779590
670812
291890
415850
985802
615312
165164
894560
248832
797102
543646
573719
887922
643321
756323
340868
119970
106515
427217
569726
846102
547297
846389
495753
180195
396171
315736
459714
939020
611066
782630
924377
695659
964502
548399
169521
318324
871183
320118
706240
958722
233416
807349
793815
926108
503066
568082
537819
891328
471923
549807
211993
401952
493666
220575
755749
809670
572510
559814
876731
360554
195516
179728
867166
125473
973024
762557
442976
198089
641667
116556
405881
881770
599181
191273
895673
898001
612534
664147
962089
442271
434720
476647
478047
154575
144972
415619
408300
405693
232725
771160
246381
267094
948215
474827
969779
388753
764700
221618
838599
864667
627639
379099
336384
945624
572430
506454
322112
922188
953535
244166
336523
354229
706754
225494
764574
949444
884209
399948
988766
900005
316644
373528
253376
192619
689012
879001
417670
522314
219228
143040
991054
129219
502110
751905
161534
134181
751620
691056
503617
201223
644847
837994
942315
594059
292345
628719
917778
849458
398192
491618
405348
375135
640250
484842
247993
380320
823021
797284
150627
244207
401278
665703
817699
283852
382846
428529
275507
928928
569046
145334
568074
304324
325485
511393
819879
292691
828399
622841
563651
897136
868206
602069
243468
647627
952543
880173
490889
526601
235447
513139
875684
252034
593918
546814
566545
650220
807554
937153
748713
942635
635068
157919
234469
640037
116378
395522
253722
575036
605469
673021
681427
225449
831755
958562
298604
979055
996902
312247
458370
516187
210725
115576
561848
692944
638627
785668
160958
939756
905252
826838
583701
788779
731203
563173
580733
313966
850417
107167
100515
929889
989671
778554
461067
892462
764875
574595
274184
802107
211167
429530
528023
435977
734764
496953
536749
544085
451048
480203
781273
461384
504633
989059
597676
879059
589607
693390
512510
890193
256637
565153
736871
164903
823877
777111
937390
666916
519495
398538
371228
962796
894754
665288
842685
868281
173755
215842
498656
617337
295866
902212
152789
770467
440106
974667
919277
303962
575814
734370
777806
185430
933491
839635
712870
814390
818141
741700
940051
311711
761672
738966
436672
982099
538318
124492
140638
390515
573570
249459
469987
264243
243738
174090
574843
385812
974488
818403
936548
473086
485952
454975
134545
136549
265190
481927
478396
353781
826806
241693
886997
580428
881949
608319
408797
243738
551316
874137
664606
169569
413242
530888
221770
325912
241310
362015
747322
976757
940593
737019
616617
600399
161621
480083
724300
669498
936389
540276
166687
448264
550516
529819
452520
898032
337834
597651
281744
525249
220535
534684
690028
232973
744408
360407
877915
935387
703126
509817
613027
154459
520797
700428
668039
536987
955344
822696
836274
226056
462239
320423
876074
341291
899170
319978
309412
816569
690683
907528
317166
332383
711430
537322
374191
388462
175635
623695
389143
536216
865576
974933
232349
425286
652394
517568
923857
351251
615789
697838
107995
903791
502294
749614
234252
501159
897343
615045
551017
684315
911021
147554
985639
573298
971322
472695
105945
492181
832565
524455
149010
877192
603668
468386
436317
480359
299970
875520
239660
280426
593777
471882
463047
563666
386500
600091
467537
869587
795020
141192
285536
450666
582232
944179
784768
874403
315764
364219
725902
643298
727975
905567
231675
918661
514654
418379
199120
198068
740035
199328
310443
382444
483508
516492
989879
521851
378464
847167
772469
638707
284045
390705
163207
321405
681213
597668
822284
651661
508094
824852
319706
721698
330979
192017
585779
604355
462667
122295
137479
928455
374225
959278
876885
114248
549108
388314
520721
202387
392204
285197
400886
793547
901623
374110
258195
830185
873113
891672
478305
531080
570160
737835
183729
557962
445144
639289
701977
708227
328723
612036
965619
324707
739029
557811
355100
350070
169489
952686
846918
581050
867781
110455
187518
348417
932087
362448
354328
506645
825321
517603
525429
869203
779216
887834
531811
313280
118618
390545
723478
646838
105200
389466
698268
353324
835476
410075
802774
324004
527479
905462
935271
968369
292570
100850
307085
877684
958725
242140
454191
771084
705242
319140
645813
535720
143409
532851
415860
732686
934115
734964
748146
497854
595071
706363
558028
195438
612897
503200
172953
256340
530464
780175
754980
926097
170530
990716
981994
801219
164526
241599
859886
998031
690737
932148
217967
132790
952913
216297
803890
780508
538116
283709
671016
959227
493656
856614
939553
344964
212154
142712
598289
313072
636235
169693
900546
582050
330509
221597
311592
549641
875921
906659
544449
876550
745571
766326
843385
472271
949390
338641
105573
127078
105632
156756
712733
932075
393922
622931
164346
452222
488362
487475
895464
978590
706445
892945
470261
401703
352357
704284
514997
959792
149352
579959
498976
994130
401192
238545
115936
473588
896242
578196
464502
995460
945283
881680
487847
561339
803072
617647
435571
651793
215876
775551
984609
675983
669016
428256
162379
966173
800834
590509
883968
238894
339785
932933
662318
268074
361272
746663
666568
799824
566483
486711
760789
597011
988726
381969
561771
961966
341966
205731
867983
947417
313357
707899
390301
320528
373358
839849
572994
795665
501375
881466
967830
214322
804291
578347
227536
339029
775759
772177
809326
385516
615300
202944
837432
180956
899455
610361
469813
207321
112547
107501
159894
612233
572090
675360
476126
129872
816045
981577
880504
717782
558676
309912
125268
140358
170405
365026
452098
656960
844627
561496
524102
551126
995633
515045
705481
928397
270999
861074
859573
297880
765457
350622
701753
837456
874797
487064
874044
425414
423261
729410
201405
870160
131921
412248
421946
165589
149500
271233
699855
708048
520856
592438
617258
788966
236283
632563
741405
656515
432501
428737
540841
111616
347975
114616
265019
419663
456878
645206
168855
782244
577263
679619
889859
619840
383676
143172
342098
836155
123957
821561
686360
388852
635796
870913
462498
878233
497236
987629
373982
710153
371076
330651
947849
793322
788375
211967
419883
936166
475900
121074
679525
571730
571044
467090
429466
108591
772686
424862
317048
692465
203721
125140
331110
993515
822257
134776
689766
202540
635910
348030
669503
858034
739180
404830
400694
686217
423703
184365
397754
315684
810749
177064
653313
918631
122280
956174
327045
463677
682433
637349
679156
201169
239833
651053
316048
510435
872953
926985
617093
521486
650613
298700
330432
285640
848598
162623
508510
476258
354495
149193
140568
821726
680619
273281
259098
699682
869189
960800
705232
648014
473985
442248
812628
742265
357360
550482
583186
929042
397183
429329
656768
825867
750452
162608
224155
651566
297202
702224
346891
822342
375056
516785
414702
934427
598860
743021
670884
499539
244286
730433
314267
596107
446492
975840
311133
665989
827305
352963
292187
724087
219464
103031
815910
269407
961977
813629
357013
345049
338165
301463
531414
634507
711581
651880
248036
679585
285415
371342
215620
601756
721331
977838
914528
629930
735753
360958
813918
954385
874368
789513
187301
108220
314762
100793
553680
352404
496264
509179
248693
712592
884036
646425
813942
910832
587612
639621
656584
598749
157796
609088
185904
854765
507252
261880
877665
289793
760410
126270
494548
742646
734029
892668
950820
980468
899929
333009
795996
356738
154297
905005
123374
653580
476982
699690
778198
344177
712878
431009
687840
106980
335254
597999
760227
684734
903006
881032
400149
168845
161368
698989
556435
242057
159172
261414
952384
961003
267797
805122
567960
494349
607776
784748
355892
732872
552671
696518
196849
605300
334626
608278
406424
990833
772123
994677
654948
473935
272889
155927
723278
963929
381019
584683
568101
362696
305902
160747
478747
431839
146736
839016
905769
817214
938456
454390
332701
646421
700587
749635
576911
978848
311072
538826
625176
899732
124467
569879
951270
730002
486204
461284
721514
792142
912848
563312
740461
338537
302784
163224
596121
121247
680526
730986
885402
455853
380503
700524
293542
678133
195090
745787
879948
579396
275633
552358
736173
367064
259964
948819
411294
697826
632017
292791
655424
357112
535711
861833
520536
395767
923212
269388
460115
348446
149603
587698
621480
544298
276350
839902
250923
626028
248863
597299
294962
778632
789858
453841
562813
184404
397009
883873
479273
770148
563862
376319
606932
767925
843265
325564
899161
507215
399141
249121
737317
949877
873859
118829
317002
194827
252749
395647
278966
365851
294784
238321
810942
102691
935160
689174
131116
127774
484112
178165
890563
921359
526367
123993
937482
696900
825518
679324
838496
615929
410943
724829
245517
201415
600445
736951
250494
833522
245702
329717
160300
952253
905110
486561
389283
808879
666174
787798
969605
126610
480662
670382
401376
248841
862474
422035
798392
886857
565591
454841
435706
481427
611805
271615
277933
309883
109122
573636
995797
960745
259466
334105
395368
660669
477706
962862
267244
531292
571807
485776
749794
588518
969262
964337
324972
406876
812951
878066
902200
698064
688297
774545
156944
464538
439293
587953
215371
657670
251996
195871
941658
388626
219262
295483
282991
222946
576299
976201
482967
846798
467432
317634
881144
699661
431397
743986
945422
945338
907565
519773
987825
425750
671382
819360
568378
721790
154586
455847
849198
876186
549858
512277
161546
795129
780501
655916
176868
616025
887488
322919
898449
951620
543728
629748
945414
551290
873827
600247
532105
232318
929076
403012
804118
274800
285708
441594
910871
445616
350723
581405
401152
419810
755124
979340
934559
257895
596751
740572
205791
742008
191244
977719
153961
980987
272553
278502
516362
994711
976711
801299
548243
796018
249926
752200
535084
196701
685646
882508
247453
973928
750557
415994
788218
188724
654798
779401
458819
145277
349695
499731
241057
826813
436703
538709
914943
377547
342795
604797
148028
271755
149664
157748
465440
326143
504460
383228
797459
256365
670100
871391
316443
878142
328051
275944
652866
419918
448839
267934
436417
143436
355279
645366
541241
690702
231704
759263
710521
934393
849654
731902
676450
713662
338166
639808
818926
536227
446543
298165
508410
420589
985860
595954
492737
123094
452396
559764
530637
483078
726721
917261
207981
501352
585958
560248
666564
996757
564330
611778
813770
827346
176791
216874
561943
274887
808769
639220
108482
142306
501183
223787
453657
824364
647620
218251
