790529
299011
540677
489479
518159
575503
481303
600091
442397
768029
526367
272423
845863
702503
415783
823337
354353
944179
585779
100417
458819
217157
933973
538709
899161
983131
381019
776287
280673
589921
149603
512101
352357
551017
948331
465007
344177
473203
385141
741493
622709
690293
790651
194683
647293
860291
403591
702599
415879
483467
188563
284819
921749
432277
733333
880793
293021
698531
778403
688297
727211
579757
536749
917687
600247
247993
999611
876731
581821
647359
184511
903359
436417
616643
776389
610501
391367
798923
762061
573647
909521
719057
370897
815317
340183
538841
213209
975071
473311
207073
895211
555253
678133
884987
596227
686339
454921
526601
194827
727313
510227
905491
573719
373019
551197
291103
981283
682277
418087
796969
788779
827693
563503
784687
782641
508213
170299
411967
215359
917827
143687
725323
205133
278867
448853
295259
475483
704861
350561
713059
522601
731501
369007
219503
213361
170351
782707
282991
328051
244087
543097
274811
901499
303493
934277
266633
242057
596369
295319
983447
879001
301463
838043
547229
463261
418207
649631
729503
311711
289189
922021
844199
870823
340393
637349
324011
328109
520631
833977
125371
350663
647627
375251
539093
291287
481751
262621
395741
825821
258527
713189
989671
647659
371179
405997
961003
240113
592369
225779
850417
395767
872953
934393
119291
348671
326143
784897
795139
502277
557573
909833
793099
145931
662029
559631
520721
651793
127507
293399
453143
993823
565793
735781
985639
381481
576041
598571
338477
651821
373297
209459
297523
619061
780853
684599
313909
846389
508477
846397
895553
338497
662083
617027
823877
391753
981577
688717
965197
551503
107089
330329
629341
229981
340577
246371
756323
834151
500333
866927
356977
526963
793207
600697
506491
154243
776837
305803
340619
434831
422549
334487
477847
510617
504473
873113
176791
266909
592547
752303
133813
895673
762557
139969
869069
316109
420571
381659
844513
451301
959207
140009
312047
365297
238321
166643
152311
168697
455419
465659
959227
549641
346891
871181
330509
985871
590609
774931
563987
283411
721687
561943
457511
576299
262957
830257
652081
543539
869173
351031
977719
549691
346943
981823
162623
289603
191299
164677
541511
623431
127817
107339
402253
613199
545617
125777
869203
592727
154459
639839
279407
471923
170873
617339
969599
273281
955267
170887
279431
848779
588683
316301
945037
320401
846739
314267
148381
719773
789407
195493
660391
527273
797611
261043
367541
869303
924601
240571
973757
121789
701377
238529
938947
117701
785353
492491
691147
936907
598987
383951
480203
793547
543703
566233
811997
582623
379877
302053
377831
476143
695281
717811
691193
519161
816121
205817
427001
539641
781321
281621
474137
478243
902179
646183
334889
191533
164911
353329
586801
148531
498739
429109
205883
242747
969791
711749
392263
875593
281683
119891
279637
388181
738391
982099
324707
887911
842857
846953
230507
633961
382061
740461
664687
167023
803963
918653
580733
234629
117899
431251
939157
132247
402583
582809
349337
953497
119963
171167
124067
711847
752809
672937
492719
617647
904369
314549
134333
785597
900287
232643
343237
296137
376009
617677
226511
781519
134353
869587
763093
511193
947417
791783
570601
750829
158959
240883
705781
697591
883963
496891
435451
521471
275711
857347
394501
929029
752903
630023
806153
474379
218381
967951
429329
646421
554263
324889
470297
365851
513311
783647
795937
808229
791849
453931
564523
464171
877871
582961
916787
785731
910661
691531
185681
859477
914777
605531
914783
206179
400739
742759
322919
703849
490859
902507
695659
318833
857459
435571
155003
634237
482689
116101
253321
779663
325009
501139
548243
882071
994711
136603
529819
462239
859553
310693
531877
449959
945577
646571
150959
630193
228793
732601
873913
124349
366013
927167
558529
550337
140741
429509
867781
585163
730571
312779
550351
503249
681427
878039
351707
380383
759263
773603
517603
476647
308713
925163
957937
523763
851449
181757
906751
632323
830981
777737
138763
929293
169489
736787
798227
122387
267797
871963
740891
136733
478747
343583
884267
345647
548399
142897
890419
400949
192053
103993
165437
319037
321091
308809
540233
239179
357967
908879
204367
380503
130651
794203
134753
861799
736871
169583
431731
171641
267899
562813
353921
611969
568963
820873
620171
327307
972427
863887
251539
202387
587413
702113
536227
657061
726697
673451
667309
411311
718513
300721
646837
970423
470711
333497
736951
437947
405179
804541
292541
192191
171713
620227
890563
339653
409291
188107
601807
134867
173779
104149
165589
169693
749279
761567
976607
646879
646883
876257
331501
407291
820991
960259
495377
159521
589607
474931
190261
720697
530237
714557
950083
239431
929609
892747
462667
270157
886607
886609
522073
298841
556891
483167
960353
708457
802667
593777
716659
700277
360317
997247
397183
853889
989059
360337
135059
161683
133013
409499
186271
442271
958369
950177
427939
874403
868271
888751
608177
241589
235447
401341
952253
841663
419777
319439
864211
128981
108503
919511
686041
284633
849883
690139
939997
440281
360407
405473
780257
186343
978931
329717
298999
