649217
169987
745477
909319
954377
632843
315407
843797
245783
741401
794653
497701
976933
542761
380971
464939
335917
487471
878641
698419
479287
845879
524347
249923
999491
284741
282691
491591
583753
120907
499787
546893
958543
809041
788561
553043
888917
979031
794711
147547
208991
618593
489571
663653
168037
768107
473201
714869
100469
993401
147583
866431
729217
565387
399499
641167
723089
700571
559259
888997
307367
940201
891049
434347
121001
792751
503983
174257
426161
712883
641203
932021
301237
336059
823483
262331
946367
479429
235723
194767
196817
362707
809173
350423
524509
839903
135391
800993
491747
133349
391399
903403
633067
686317
465133
803059
108793
821497
174331
938243
405763
686339
995591
282889
917773
958739
983317
301333
108827
379163
475421
176413
858397
203039
930079
649507
741667
291107
538921
667949
700717
225583
999727
839981
362801
901427
131381
143669
799031
215353
239929
198971
399677
907583
342337
704833
934223
438611
966997
850261
764249
430427
432479
420191
235877
696679
598379
846187
797039
803189
323957
465271
272759
897401
160117
653693
366973
590207
311677
182657
860543
168323
186757
835973
475529
481681
577939
307609
893339
663967
917923
399781
379307
393649
246193
450997
369079
340409
496063
909761
260549
541129
367049
240073
672209
641491
489941
680411
711133
319973
248293
121327
764399
461297
815599
860663
856571
172541
326143
219649
287239
758279
115211
117259
104971
559633
889363
739859
309779
559639
119321
748057
504349
586273
289319
520747
639533
846383
883249
680503
653879
229949
879167
154181
619079
467531
805451
909901
305743
217681
156241
164443
365147
854621
340573
178781
672349
455263
508517
637543
414311
660073
690793
959083
696937
735853
871021
739951
754289
457339
225919
273029
971401
748169
801421
844429
170641
586387
811667
613013
127637
225943
981653
967319
699037
414367
375457
711329
946853
234149
408229
604837
346793
225961
172709
674483
438967
158393
754367
490183
137927
817871
326351
717529
510691
711397
785129
512747
185069
647917
889589
621301
348919
365303
598777
285433
606971
721663
135937
312071
178951
774929
799507
348949
926503
267049
901931
301867
938803
600883
662323
592693
842551
346939
912187
105277
219971
932677
549701
172877
967501
670541
301901
549713
351059
402263
861019
850781
668509
138079
383839
115553
865121
752483
455527
158567
494443
848747
795503
885623
361337
424829
648061
564097
131969
439171
369539
320387
576391
209801
379787
304013
398227
848791
574367
666529
256931
338857
232363
701359
404399
785329
983987
981941
551861
605113
897983
711617
668609
320449
578503
668617
826313
240589
127951
652243
414679
814043
328667
844769
314339
164837
414697
547819
492523
500723
412663
576509
189439
850943
803849
975883
783379
117779
963607
570391
965659
723997
674851
433187
574501
531497
924719
406583
445499
414779
105533
787517
764989
140351
390209
668737
523333
431173
166987
146513
150611
207967
445537
978017
425059
515173
433253
736363
822379
621679
867443
113783
683129
679037
545917
750719
875647
154753
679039
470153
408719
928913
132241
115859
748691
623767
316567
173209
836761
248987
679067
744607
562337
593059
494759
978091
681137
146609
402613
537781
486583
187573
607421
699581
949441
978113
185539
847043
431297
892103
812233
902347
799949
300239
390353
382163
486617
629977
589021
554207
683231
279779
922853
976103
691433
783599
498931
824563
906487
396541
982273
324869
220421
599303
201997
828691
548117
546071
195863
521497
437533
394529
245033
865577
251179
445747
468277
812347
585023
443711
482627
144709
828743
257351
240967
849223
320839
206153
933199
400721
322901
632153
855391
294241
656741
963943
812393
169321
486767
892271
927089
576881
220529
636277
757109
331127
400759
832889
607619
195973
480647
394631
750983
236947
372121
980377
808349
703903
800161
214433
253349
556459
847277
761261
398771
945587
957877
982453
312757
189877
622009
607667
521657
400823
902591
280001
931267
480707
593353
871883
142799
910799
552403
654803
984539
646619
257501
200159
249311
806371
988649
632299
562669
441839
501233
441841
341491
642547
241141
859633
437753
527869
146941
617983
542207
767489
318979
312839
599561
949771
751123
544277
642581
501271
712219
491039
536099
624163
144931
372263
611879
656939
407083
108079
538163
267829
788023
333367
581177
886337
632389
454213
726601
122443
458317
493133
927313
204371
742999
349787
523867
237151
421471
800351
177763
585317
435817
421483
462443
788077
704111
347759
616051
646771
360053
116341
802421
282229
149113
116351
499327
206467
132739
468613
218761
937613
380563
521881
493211
978599
597677
990893
380591
988849
706229
282299
505537
751297
538309
401101
587473
878291
196307
214741
325333
296663
636631
392923
820957
657121
919267
646883
782053
599783
560873
102121
573163
704251
388859
257791
429823
323333
214789
304903
591623
696077
818959
274199
722713
904987
331547
839453
337691
622367
210719
943903
612133
720677
335653
821039
771887
855857
411449
702269
243517
886591
132929
870211
106319
876371
132949
583511
415577
493403
929629
792413
540511
309091
898921
218987
913259
857963
581491
202621
819073
466819
372613
624517
929671
114571
855947
100237
454547
391159
210839
712601
765851
243613
636829
303007
432031
808867
405413
401321
825259
548783
976817
700339
427957
253879
343997
341951
526271
579521
104383
110543
284623
292819
937943
184279
362459
178141
714719
481249
688097
401381
661477
778213
788467
577523
409589
851957
901111
282617
849917
294911
