151553
995329
978947
589829
169991
325643
956429
475151
192529
311323
688159
712739
813091
522281
983083
356399
890927
133169
440371
282677
911413
514103
651323
473147
413759
227393
792643
686149
929861
233549
788561
575573
950357
964693
958549
342101
647263
354401
864359
956521
473197
182389
211061
874619
458879
538751
950401
845951
692353
833669
155783
549001
438409
632971
499853
235663
712847
528527
188563
348307
929941
368789
624791
979093
440471
340129
198817
874661
581797
733351
143527
778409
915623
514219
440497
788659
811193
159931
575677
358591
821441
227531
188621
442579
499927
669913
700633
917729
536801
600293
934127
270577
131317
555257
395513
399617
243973
585989
454919
510217
874763
829709
258319
993557
655637
416023
110881
258337
244003
182561
596261
549161
254249
436523
796981
223543
125243
844093
383297
414017
911681
835909
328007
248137
479561
733517
217421
616783
782669
215381
856411
407899
760163
381287
178537
844139
655727
817519
989557
291191
903547
428411
366973
901501
823679
514433
991619
479623
797063
928139
170389
893339
702881
563623
883111
123307
240043
520621
272813
471467
842161
399793
610741
922039
397753
381371
199103
197059
209347
700871
141773
391631
522707
702937
260569
858589
395749
592357
604651
358901
618997
432631
860663
805369
246271
678401
248323
584203
883213
633359
508433
473617
535061
293399
121369
971291
838171
571933
193057
563747
909859
897571
401959
936487
715303
698923
420397
225839
559667
750133
541237
174649
768571
533051
526909
152123
105023
651841
602689
938563
350789
209477
191047
614983
729671
985679
389713
358993
475729
744019
367189
498259
203353
395873
340579
115303
279143
512621
809581
303727
115321
479231
864901
803461
594569
944777
141961
840331
504457
991889
213649
457363
871061
787099
459421
103069
725663
416419
721577
783023
131759
803513
594617
328379
185021
926399
760511
187073
391873
211657
580303
150223
916183
215767
371417
359129
223963
516829
676573
242399
664289
375523
410339
187111
271079
178921
772843
879341
275183
336631
363257
686843
404221
445183
369407
119551
785153
342791
969481
596749
488207
125711
146191
455443
193301
394007
840473
314137
563999
488227
465701
312101
611111
635689
273193
547627
860969
230189
975661
981811
748343
793399
856897
867143
244553
152393
156491
418633
547663
895823
887633
654161
811861
742229
531287
375643
125789
236381
283487
121697
521063
602983
629609
119659
136043
105323
121711
717679
473971
754549
392053
529271
514933
797561
226169
549749
396157
775043
795527
813961
711563
846733
140177
686993
813971
197521
797591
209821
269219
547747
484259
551849
963497
961453
953261
576431
822191
316339
822197
168893
138179
938947
580549
363463
433099
181199
447443
781271
943073
955363
617447
717803
140269
664561
463861
365557
869369
738301
205823
795649
297989
261127
760841
465929
246793
185359
801809
656407
826393
664603
887837
119839
877601
291877
216103
656423
760871
564271
160817
109619
377911
488503
474169
216119
586811
216127
988231
822343
750667
379979
592973
392269
885839
298063
760913
726097
683083
808021
396379
715867
824413
269413
365669
572521
298093
302191
191599
128113
552059
480383
287873
304259
554123
836747
498833
195731
748691
699541
580757
402583
650387
988313
261971
461983
273569
470179
808111
865457
521393
341171
914611
365747
472249
404671
865483
625871
740561
472273
711913
490733
281839
113909
754937
627961
181499
480509
240893
894209
750857
335113
967951
412943
486671
380179
136471
462103
517399
765211
769309
316703
167213
826673
863539
431423
652607
281923
783689
709963
429389
349519
236879
425297
359761
615761
157007
838991
390487
611671
761177
591193
372067
105829
892261
718183
224617
994667
593261
486767
206191
161137
707953
675187
869747
148853
691573
798071
146807
656771
148873
124297
945547
785803
439693
658831
736657
617873
357779
267667
167317
468371
451987
556441
529819
654749
755107
708011
376237
847279
296369
554419
128437
837047
247223
665017
228799
681409
452033
959941
253381
636359
667081
288203
730573
187861
945631
226783
110051
734693
335341
574969
603641
462331
253439
732673
257539
583171
108037
228869
566791
355853
523793
407059
427541
450071
237091
382507
167471
364079
982577
114229
515639
392761
728639
464447
454211
671299
976453
347717
458309
245321
624203
343627
622157
509521
310867
388693
734813
589409
216679
548459
462443
343661
771691
667243
335477
867959
855671
822907
286333
536189
577151
962177
949891
960131
597637
640649
913037
245389
556687
317071
665233
214673
335507
398989
364183
454297
515741
876191
499361
269987
798373
310949
321193
829097
855721
102059
726701
448169
280243
632501
466619
245437
538301
462529
636619
167633
587473
683731
954067
915157
601819
866011
204511
945887
720611
251621
263909
114407
583397
511723
792307
616181
997111
306941
726787
927491
767749
186119
728839
995081
626443
272141
184081
628499
583447
298777
608029
210719
605987
960293
933671
970537
304943
163637
231223
862009
982847
327491
161611
286543
966481
178001
618323
681809
132949
395093
950099
520021
651097
538457
171863
329557
292711
702311
479081
759659
821099
892783
282481
730999
104311
612217
184189
319357
806783
651139
919427
987013
305033
288649
753547
954253
423823
327571
802709
645013
759701
688027
268189
505759
935843
141233
300977
159667
950207
692161
710599
550859
559051
313297
845777
544723
301013
161753
438233
178141
341983
640993
235493
133097
112621
806893
610289
960499
565237
573437
927743
