649217
919559
116747
901133
753677
751631
284689
540689
651281
815123
274453
784409
100379
909341
358447
229423
643121
901171
798773
565303
737339
376891
329789
225343
843841
104513
479299
292933
878663
811081
192587
198733
567377
481363
596053
434261
213079
819289
534617
452701
833633
213091
608357
297061
503911
290923
583789
444529
426103
381047
184441
700537
409723
399481
190583
931967
809093
733333
333973
919703
501911
493721
831643
393373
164011
802987
438443
651439
608431
391351
250043
200891
100547
725189
886981
612553
542921
336079
229583
827599
649427
966869
979159
413911
489689
692441
710873
833759
817379
532709
542951
397547
450799
243953
651509
598261
407801
790781
102653
352511
499969
168193
612611
137477
721159
794887
293129
395533
786703
878869
418069
932119
276763
745757
921887
330017
612643
348451
133417
735529
657707
641327
825647
549169
739637
104759
229693
119101
551231
450887
123217
276817
223577
262489
160093
723293
614753
420193
934243
393571
899429
766313
106859
874859
172399
952691
596341
989557
844153
874873
541049
442747
176509
151939
921989
637319
874889
168331
919949
971153
901529
367001
788891
684443
690589
817567
252319
158113
956831
825763
758179
469411
104869
465319
559529
592303
700849
483761
369077
111029
307639
620981
790969
922037
197059
924101
588229
463303
561607
164299
731603
385493
772567
428503
762329
283099
252383
635359
860641
514529
139747
813541
246247
309737
852457
811501
559597
752111
375281
885233
743923
881141
827899
520699
844289
381443
561667
121349
516617
268811
221707
393739
420367
381461
688661
748057
963097
594457
428569
903709
467491
555557
553513
969259
100907
318001
862769
743987
373301
985657
453181
105023
832063
903751
445001
555593
686669
268883
504403
596569
981599
430691
852581
381541
285289
344683
399979
866927
516721
907891
891509
742009
313979
148091
393863
150151
737929
926351
289423
983699
477847
907927
367259
955037
641701
961189
637607
469673
547499
735919
103091
129719
823993
103099
869059
883397
545477
531143
881351
322247
797383
977611
744137
195277
176849
785107
957139
916189
127711
248543
576227
271079
588521
621289
875243
242413
348911
475889
682739
854771
887543
598777
412411
541447
652039
891661
729871
719633
375569
295699
660241
400151
580379
219931
731933
258847
754463
930593
281381
144167
381739
185131
144173
107309
586543
555823
326449
670517
922423
316223
420677
918341
392011
844619
412493
445261
457553
338773
115547
508771
641891
871271
688999
570221
129901
777071
387953
924529
918389
895861
676727
625529
799613
512903
904073
787337
777103
676751
959377
410513
785299
781217
367531
420781
320431
947119
967607
207799
474043
359357
943043
752581
295877
166853
259019
834511
943057
132049
644051
234457
408539
820187
375773
234463
711649
623591
971753
189421
947183
787439
383987
648181
551927
154621
846851
431107
271367
553991
527377
887827
570391
324637
236573
117797
363557
826411
160813
629807
287801
291901
961601
701507
132169
187477
848983
978007
586841
924769
621671
810091
351341
736369
463987
388211
349303
115831
603257
609403
941179
140419
601219
593029
382087
648331
994447
623759
584849
418961
105619
720019
941207
951449
890011
824477
273569
324773
681127
894119
107687
298157
621749
402613
586939
666811
462013
574657
302273
255173
879817
191689
406729
625871
210127
783569
937171
240853
271573
267479
378071
357593
359641
890083
859363
279779
576739
101603
642281
705769
734443
363757
840943
779507
206069
478459
101627
138493
492799
171263
290047
115981
898319
679183
564497
437527
644377
537883
593179
515357
472349
146719
619807
789793
806177
484643
566563
795943
619819
953651
437557
742717
851261
822589
924997
236869
392519
761161
945481
353611
179533
361807
210257
415061
384343
243031
695641
175447
320861
382303
392543
851297
650599
316777
920947
746869
388471
257399
128377
451961
249211
267647
513407
146819
195971
277891
828809
277897
501131
685453
931213
130447
187793
451987
193939
720283
425377
794023
912809
540079
486833
949687
658883
312773
921029
894407
155081
765389
802253
155087
794063
572881
884183
228829
107999
763369
394729
773611
996841
562669
800237
271867
433661
380417
998917
540167
988681
163337
886283
222731
460297
691727
374287
306703
589331
290327
564761
417317
187951
476719
456241
908851
951859
265781
103991
331319
446009
564793
636473
271927
953917
149057
781889
618053
601669
837191
214603
384589
886349
173651
319061
550489
194141
329309
814687
511583
534113
472669
507491
917093
974437
460393
667241
910957
794221
355951
587387
216703
161411
253573
472711
165511
259723
904847
626323
904861
485021
564899
927397
687787
235181
513719
919223
419513
216761
892603
306883
259781
952009
718541
779983
362191
913103
945881
673499
612061
523997
184031
855781
792293
550631
593647
241393
478963
841459
616181
274163
222977
341771
780047
208657
628499
759571
587539
286487
663319
880409
474911
818977
290597
327463
700199
151339
417583
513841
907063
339769
952123
689981
991037
900929
952129
106307
460609
927557
796487
679751
352073
673613
792397
646991
640847
667477
716633
169817
884573
730973
528223
604001
583523
145253
538471
327529
595817
513899
434029
399221
155509
442229
362363
931709
710527
612229
771973
493447
317321
126859
645011
337817
712603
243613
556957
548771
110501
325543
632743
718759
833449
985003
370603
339887
300977
241589
350137
419777
126913
370631
944071
776137
700363
597967
260047
845777
516049
544723
919511
210911
114661
188389
626663
716783
198647
141307
442367
