817153
761863
280583
651281
280597
462871
675863
837659
389149
598049
139303
702503
565289
438313
622637
962609
874547
254003
493621
143413
774199
716861
385087
514117
862289
233557
479317
567383
419927
565337
733277
741473
327779
528487
729199
473201
319601
639091
135283
387187
266359
725111
237691
817277
784513
428161
655489
833669
585863
475271
245897
383113
344207
762001
229529
432281
114847
288929
749729
845987
614563
725161
626861
868529
671921
405683
700597
786613
135353
309437
579773
319679
319681
250049
610501
540871
729293
540877
600269
461009
950483
329941
356567
399577
278753
192737
409831
575723
766187
805099
336113
270583
526583
305401
733433
823547
979201
878851
942341
286981
385289
559369
377099
411919
303377
938257
391441
180503
487703
516377
321817
700703
176417
473383
223529
133417
360749
913709
401711
524593
547121
139571
336181
844087
991547
633151
901441
721219
307529
817483
280913
926033
364883
100693
164183
194917
878953
772459
416107
221549
477551
141679
979313
739699
631157
106871
244087
125303
610681
864631
958843
106877
254329
291199
231809
272771
168331
528779
217489
379289
315803
168347
706973
160159
274847
932257
426401
817567
702887
334247
889261
412081
629171
706999
661949
782783
317887
149953
909761
264643
139721
727501
729551
160207
530897
707027
338389
897497
711133
180701
864737
704993
856547
543203
774629
825827
760297
643567
684527
817651
186871
104953
946681
367097
172541
326143
694783
115201
936451
326147
909829
266759
838153
268813
750097
698899
342547
619027
385559
897563
182813
225821
504349
528929
219683
490019
655909
809507
969257
168491
475691
502321
561713
109111
494141
260671
756289
516679
281159
684617
651853
901709
238159
617039
342607
768589
514643
750157
731729
201307
252509
588383
375391
631391
916073
989803
371311
307831
248441
410233
797309
244351
600703
447107
619139
631429
916099
180871
221831
258703
316051
760477
176797
240287
934561
258721
184993
840353
238247
621223
959149
103087
766639
309937
895667
506551
938681
795329
611011
154313
764627
694997
854747
733921
211681
279269
383723
465649
178931
350963
916213
101111
770813
496381
652033
162563
828169
996109
711437
254741
609047
494359
344857
244507
629537
670507
719659
189229
572207
265007
475957
219959
895799
342841
248639
191297
580417
607043
625477
727879
420683
379723
621389
549707
246607
760657
318289
344917
351079
318313
979819
924529
254833
381817
998273
752513
615299
656263
426893
293773
134047
494497
338857
508841
781229
697267
758707
953273
478139
412603
121787
504767
756673
166849
119747
943043
598981
265157
304069
728003
549833
748481
650189
564173
576461
146381
175061
981979
386017
375779
990179
709607
486377
105449
355307
699379
664571
877567
263171
601093
119813
312331
615437
392209
193559
969763
498733
216113
181301
220217
967739
988219
519229
764989
648257
746561
842819
115781
799817
584777
275531
513101
453709
185429
263257
592987
935003
717917
560227
115811
836707
486503
416873
633961
789611
269419
535663
582773
281719
416887
504953
570491
492671
394367
365699
461957
296071
797833
451723
828557
408719
666773
216217
965791
849061
695467
251051
537773
167087
152753
773299
752819
631991
431287
662713
758971
355517
494789
160967
697553
744661
718043
554207
998623
193763
183527
935147
480499
552179
175349
662771
449783
152819
593149
877823
306431
820481
597253
558343
488711
335113
437519
941329
134417
707857
830741
382229
578839
195863
994583
996631
179483
996629
437527
929059
509221
953639
918829
906541
247087
390449
476467
220469
296249
132409
197947
423229
650567
374089
918857
623947
333131
730447
955727
107857
529747
879961
396637
417119
941407
236897
220513
314723
613733
247141
984427
185711
771439
505201
937331
202099
138617
916859
695677
517501
148867
298373
345479
986509
277903
566677
372121
271771
714139
306589
605597
439709
853403
718241
402863
906673
595381
470453
576949
290233
320953
998843
435641
488893
339389
454079
832969
404941
142799
167381
878041
628189
724447
357859
630247
445937
144883
904693
202231
882169
628219
611837
607741
568831
101891
431621
650759
792073
239119
935443
362003
771607
892439
658969
155161
794149
734759
826921
390703
413233
982577
949811
955957
159287
108089
773693
210499
976457
695881
110161
151121
773723
994907
601697
253537
294499
132707
861797
650863
347759
947833
872057
577153
482947
730757
859783
317063
118409
118411
741007
175759
126613
454297
833177
939677
446111
108191
501409
362143
706213
290471
290473
104107
833201
550577
816817
624311
800441
708283
200381
951997
102077
919229
962243
292549
622277
663239
476869
904907
925387
616141
759503
138959
104147
792283
335579
177887
399071
331489
714463
153319
368359
720617
390893
241391
151279
583409
831217
509681
483061
603893
263927
796409
857851
337661
542461
495359
556799
837377
186113
751363
102149
925447
884489
286477
124693
110359
562973
106273
345889
612133
800549
902953
696109
911359
642881
761671
585547
405323
855889
833363
425813
235349
315223
909151
790369
348001
984931
266089
472939
196459
501617
657269
540539
591743
855937
812939
448397
952207
452497
636821
587669
558997
491417
675739
550811
446363
937883
243613
173981
710561
397217
561059
448421
405413
325543
163753
399277
182201
313273
751549
219071
704449
417731
939971
106441
792521
600011
219083
253901
798667
751567
151499
344017
585677
436171
243673
276443
128987
161761
708583
835559
765931
927727
534511
716783
303089
129011
243707
149503
