878597
735239
245771
387089
591893
235541
841751
362521
100379
643099
765983
526373
155693
186419
462901
436279
979001
923711
645187
794693
698437
892999
505927
155719
886859
829519
344153
348253
561251
344167
991343
198769
270451
393331
542837
716917
442487
551027
241783
817277
782461
606341
569479
782473
696457
737423
188563
837779
247957
647333
413863
295079
972967
606383
354479
815279
188603
604349
358601
303307
995531
450767
221393
164051
309461
110807
205019
616669
516319
458977
966883
915683
110821
248041
655597
428273
121081
106747
227581
436477
809213
704771
983299
993541
577799
379147
213263
258319
465169
866581
164117
858397
827681
291107
829733
457003
227629
483629
751921
551219
454967
872761
293179
690491
495931
506173
710977
225601
434501
528709
366917
241993
702803
555349
205141
780631
682327
215389
184669
278879
704863
672097
954719
205151
655717
954727
913771
985451
375149
270701
895343
526709
360823
772477
106877
584063
117119
252289
739723
899473
854419
856469
659863
962971
573851
358811
289181
827809
481697
780707
487843
547237
983461
588199
741803
170413
461233
829877
532919
397751
102841
754109
510401
444869
604613
125383
444877
909773
522707
641491
936407
717271
225751
346589
999907
467437
924151
543223
811511
504311
522749
694781
381439
532993
911873
231943
207367
166409
778763
582157
766477
897553
234007
969239
956953
786971
463387
188957
625181
709151
117281
180779
647723
490031
258607
746033
758323
713267
772663
821819
660029
631357
832063
961087
895553
795203
248389
342599
614983
930379
719441
162391
178781
164447
397921
563813
301669
838247
281191
582251
361069
832109
174703
389743
268909
871021
373361
670321
856693
393847
281207
385657
199289
735871
868993
160387
946819
975493
631429
682637
283277
418447
985741
969359
909971
526997
299671
146077
299681
559781
479909
166567
553649
195253
467641
846529
142019
660167
266953
508619
342733
838351
455381
178903
869081
146141
312029
197341
529117
830173
969443
398053
178921
903913
889579
254699
705259
815851
416497
262897
101107
725749
973561
770813
359167
445183
598789
363271
955147
545549
363277
209687
336667
580381
199453
621347
733991
267049
619309
996143
396091
781117
791363
154439
858953
359243
723799
242521
746329
627547
136027
193373
125791
676703
789343
385897
156521
152429
465781
641909
152441
607097
715643
344957
201599
963461
308101
541577
533389
115597
492431
498577
168851
793493
209813
877463
711583
846751
377761
381859
916387
189349
218021
230311
934837
459703
838583
775097
474043
125887
887743
818113
508867
383941
658379
123853
170957
189389
998353
936917
316373
857047
408539
381917
267233
877543
922601
277483
959467
445427
486391
644089
625663
904193
736259
777221
390151
130057
781321
576523
762893
594959
846869
175129
541721
316453
558121
410671
783407
764977
990259
650291
834611
197689
781369
404539
541759
789571
341063
214091
676943
541777
250963
935003
468059
943199
851041
259169
625763
101477
879721
416873
822379
298093
885869
351343
160877
623729
146543
762989
318581
130171
732287
197759
140417
621697
713863
238729
597131
138389
580757
263323
449693
801949
101537
998561
652451
691363
330917
574627
218279
681127
701609
570539
529579
619693
443567
898223
631987
818359
249017
136379
238781
148669
767167
654527
193727
582851
206021
781513
539849
840907
236749
783569
451793
142547
482519
302297
124123
769243
806111
189671
791789
150769
306419
670963
994549
390391
847097
228601
834811
457981
267523
984323
263429
505097
544009
877837
335123
412949
374039
830743
183587
267557
705833
140587
621869
703789
640303
961841
646453
724277
609589
511289
677177
208189
273727
890177
945473
806213
902471
740687
200017
783701
951641
308569
972131
918889
339307
744817
548213
761207
576889
843131
388477
333197
374159
306577
955793
357781
882071
810391
525719
771481
714139
656791
839071
597409
152993
783779
955813
490921
302507
978349
470447
562607
851381
562613
236983
658873
806329
374783
689597
853439
955841
497093
652741
912839
710089
267727
683471
198097
474581
400853
284117
421339
130523
646619
824801
828899
470501
646637
898543
472561
470513
296437
366077
144899
318979
861701
873989
808459
589327
714257
544273
171539
814609
552469
941593
626201
126491
671261
495139
556579
163363
615971
611879
382507
767537
319027
130619
454213
187973
624199
656977
941653
230999
495199
271967
597599
202343
157291
530027
171629
525937
771697
169591
646781
652931
872071
607889
947861
241303
964253
802463
683681
255649
100003
530087
726701
554669
650927
911023
241327
835253
847543
331447
331451
179899
259771
200381
906943
485059
773831
409291
925391
349907
540373
206551
284377
470749
804581
198377
528107
843503
466673
861937
874229
902903
796409
648953
120569
263933
399101
728831
313087
775937
222979
681731
663301
468739
743177
864011
567053
331537
790291
345881
509723
610081
786211
436003
440101
339749
874277
427813
935717
143141
390959
278321
124721
456499
546613
411449
714557
425791
788287
778051
765767
272203
159563
390991
986959
859987
603989
497501
499549
397151
298847
266083
239461
169831
470887
626539
958319
186227
599927
192377
468859
403327
651143
876431
149393
249749
790421
923543
173977
645019
624541
946079
573343
366497
204707
747427
733099
198571
692141
479153
114617
780223
270271
747457
610243
380869
303049
630733
718801
176081
952277
937943
247769
352217
647131
503779
280549
671717
458729
362473
960493
503791
772081
364537
231419
354301
499711
